64.830292 2.877733 2.022427 1.381076 2.031596 1.523076 1.213291 0.750948 1.020231 0.255127 0.550167 0.233953 0.327559 0.522769 0.481819 -0.069909 -0.063909 -0.099141 0.316967 0.983446 0.072707 -0.172622 0.069224 -0.464323 -0.442191 -0.258713 -0.621444 -0.619310 -0.339617 -0.098602 0.013990 0.375244 -0.074717 -0.437545 0.022257 -0.119134 -0.332024 -0.431484 -0.208423 0.315664 -0.037937 -0.110457 -0.286601 0.175981 0.013651 -0.082516 0.261914 0.086458 0.011442 0.027075 0.116200 0.255802 0.075621 -0.210562 0.024874 0.004169 0.121391 0.167103 0.205103 0.155723 0.194152 0.097103 -0.052846 
64.967064 3.471962 2.721046 1.829173 2.046776 1.344626 0.678545 0.899583 0.663399 0.045361 0.616074 0.194444 0.400097 0.680022 -0.107965 0.006513 -0.021075 0.705395 1.283744 0.461432 -0.033129 0.119963 0.437286 -0.332713 -0.515824 -0.542759 0.048905 -0.175341 -0.227814 -0.417328 0.089249 0.366944 -0.069883 -0.522744 -0.255366 -0.392218 -0.329161 0.001758 -0.346828 -0.291433 0.049554 0.362327 -0.053998 -0.007865 0.185831 0.137898 0.411050 0.167469 -0.311454 -0.222300 0.179377 0.198784 0.345084 0.363161 -0.075402 -0.124762 0.010485 0.060639 0.024286 0.064469 -0.044247 -0.085958 -0.046865 
65.244659 2.881610 3.177224 1.854415 2.065718 1.469548 0.925674 0.890175 0.817607 0.389318 0.208918 -0.289156 0.009771 0.160065 0.637756 0.599030 0.566841 -0.145408 0.556593 0.824396 0.465734 -0.165323 0.022044 0.062265 -0.626428 -0.106997 0.201690 -0.029030 -0.604515 -0.787639 0.154472 0.329707 -0.403754 -0.064518 -0.255113 -0.223170 -0.015102 -0.441582 -0.525291 0.038355 0.245629 -0.044743 -0.323419 0.078634 -0.106713 0.192028 0.506289 0.128005 -0.027293 0.132235 0.122512 0.286853 0.021300 -0.077130 -0.007122 0.117920 0.189776 -0.047717 0.299042 0.328040 0.302845 0.188326 -0.029998 
64.794624 2.473100 2.408066 1.594334 1.194952 1.309455 1.202525 0.902560 0.591300 0.619091 0.721676 0.062088 0.356218 0.779904 0.383858 -0.082931 -0.005659 0.388589 1.094777 0.201186 -0.163452 -0.041592 -0.261780 -0.000164 -0.673669 -0.065178 -0.016281 -0.270745 -0.394951 -0.665920 -0.623869 -0.238532 -0.434598 -0.022447 -0.264506 -0.211691 0.023840 -0.561499 -0.527574 0.093617 -0.070669 -0.410652 -0.331300 0.035278 -0.154433 -0.043155 0.244133 0.194055 -0.037904 0.177514 0.227478 0.513486 0.175259 -0.052538 0.188377 0.029259 -0.026036 0.180948 0.370607 0.325342 0.269164 -0.032012 -0.067326 
66.090096 2.576826 2.357161 1.914076 1.563227 0.695451 1.000029 0.699408 0.136955 0.319653 0.719020 0.556322 0.412752 0.255407 0.091814 -0.215518 0.049449 0.647997 0.450283 0.118094 -0.040508 -0.259991 0.337899 -0.150870 -0.601988 -0.514152 -0.779327 -0.196132 -0.268258 -0.222356 -0.197488 -0.286940 -0.203630 -0.662717 -0.488386 -0.122306 -0.369949 0.228685 -0.260253 -0.110383 -0.117888 -0.484904 -0.178805 -0.120388 -0.461498 -0.042313 -0.020431 0.349260 0.153454 -0.220884 0.129823 0.502328 0.359349 0.135459 -0.164237 -0.054423 0.090844 0.309801 0.210014 -0.063767 -0.154119 0.201441 0.015903 
65.370018 2.220110 2.398391 1.690655 1.974668 2.208805 1.809405 1.222030 0.585028 0.206432 0.818768 -0.239088 0.003559 0.402725 0.051449 -0.117523 0.008750 0.610558 -0.260466 0.156010 0.443814 0.193988 0.537770 0.150219 -0.385414 0.053973 -0.001920 0.232292 -0.062820 -0.375865 0.204834 -0.068163 -0.140320 -0.196464 -0.093815 -0.112442 -0.168060 -0.293941 -0.344157 0.042043 0.217424 0.052499 0.025175 0.273277 -0.103961 -0.087090 0.177959 0.110061 -0.259234 0.035558 -0.074171 -0.113026 0.195891 0.160969 0.178471 0.131573 0.255957 0.196143 0.027102 0.010951 -0.043003 -0.016588 0.276829 
64.471519 1.936998 2.513962 1.915411 1.917421 1.756626 1.518147 1.153175 0.877058 0.556532 0.901275 -0.101218 0.424738 0.745098 -0.109563 -0.542408 -0.400308 0.134962 0.508622 0.209179 0.043159 0.172484 0.247697 -0.191907 -0.270686 -0.347978 -0.348169 -0.102346 -0.380509 -0.557815 -0.174772 -0.065323 -0.387657 -0.417869 -0.149739 -0.390130 -0.009508 0.733124 -0.207212 -0.215036 0.042517 -0.079652 -0.004132 0.144574 -0.163608 0.184397 0.354076 -0.256969 -0.355781 -0.003794 0.159049 0.346105 -0.109177 0.053878 0.100117 -0.225308 0.322562 0.090619 -0.102479 0.166862 0.008614 -0.044308 -0.007726 
65.101128 2.192399 2.030577 2.378913 2.084657 1.602799 1.175529 0.552213 0.419925 0.377915 0.482429 0.463452 0.921009 0.719081 0.301349 -0.078540 -0.249771 0.188987 0.724462 0.215344 -0.563835 0.034956 0.065655 -0.047401 -0.018256 -0.265037 -0.026417 0.241448 -0.314656 0.260922 -0.074594 0.092344 0.039579 -0.947304 -0.488739 -0.589339 -0.087596 -0.332037 -0.149837 -0.112932 0.015633 -0.480370 -0.664993 0.169085 0.146351 -0.171081 0.102365 0.217890 0.119169 0.016814 0.096646 0.282140 -0.023935 0.076833 0.321417 0.138260 0.001720 -0.103223 -0.283993 0.058712 0.268270 -0.042440 -0.252498 
64.962761 2.657147 2.219144 1.391471 1.788274 1.298144 1.431972 1.291240 0.508987 0.958066 0.748914 0.206312 0.811884 0.284601 0.466554 0.282695 0.250601 0.299341 0.309104 -0.069892 0.281791 0.147642 0.461608 -0.085497 -0.248912 0.251236 -0.576899 -0.542135 -0.526766 -0.215645 -0.041525 -0.117241 -0.210598 -0.422235 -0.374451 -0.180401 -0.364076 -0.194288 -0.317243 0.157863 0.408800 -0.019107 0.008615 0.167113 0.039340 0.096232 0.188558 0.347460 0.057012 -0.387094 0.251583 0.376908 0.108790 -0.099142 0.259059 -0.016165 0.021585 0.315520 0.379520 0.292669 -0.152810 -0.049216 0.021831 
64.977509 2.752424 1.840682 2.031341 1.764782 1.566056 1.890417 0.967999 0.327213 0.822614 0.217977 0.098846 0.100999 -0.128567 -0.241028 -0.488169 0.041109 0.479880 0.226746 0.401624 -0.253779 0.447749 0.664131 -0.219921 -0.250070 -0.434352 -0.047820 -0.427694 -0.805702 -0.320950 -0.334120 -0.256987 -0.247827 -0.218834 -0.188600 -0.309998 -0.361309 -0.305419 -0.344294 0.131075 0.230124 -0.197112 -0.032440 0.160208 0.207438 0.017084 -0.122617 -0.182122 -0.318134 -0.036960 0.097772 0.166106 0.038378 0.146560 0.192042 0.020908 -0.053230 -0.180325 0.078139 0.233890 0.216784 0.007187 0.134791 
65.265900 2.122550 1.827930 2.691025 2.543177 1.634559 1.946162 0.950227 0.233027 0.208655 1.070294 0.317796 -0.139639 0.056463 0.076559 0.477022 0.508055 0.311846 -0.157908 -0.188226 -0.145662 0.023127 -0.089220 0.134543 0.094889 0.052774 -0.026167 -0.072990 -0.587483 -0.362561 -0.339481 -0.411032 -0.023834 -0.493369 -0.101577 0.151526 -0.006777 -0.026013 -0.394899 -0.181620 -0.177570 0.028819 -0.045372 0.351528 0.310378 0.208683 0.298461 0.105469 0.211883 -0.180713 -0.009513 -0.135385 -0.534985 0.052950 0.110514 0.230413 0.084985 0.026192 0.203413 0.385391 0.088381 -0.059740 0.143310 
65.642181 2.334350 1.910755 2.471802 2.383775 1.653949 1.606356 0.918039 0.853042 0.986811 1.264399 0.612408 0.518638 0.266273 -0.137720 0.324202 0.369196 0.297237 0.294421 0.313216 0.194513 -0.068320 -0.230024 0.223589 0.069224 -0.223278 -0.037095 -0.067953 -0.466693 -0.222159 0.025514 -0.203536 -0.301871 -0.886768 -0.400743 -0.295087 -0.005823 0.262069 -0.214079 -0.261727 -0.171866 0.158183 -0.000537 0.076163 0.012203 0.061137 0.166999 0.183545 -0.159692 -0.120433 -0.233185 0.087590 0.141151 0.161778 0.212870 0.249421 0.352843 0.242081 0.181914 0.182417 -0.083843 -0.133671 0.215807 
65.496277 3.088680 2.116153 1.785324 2.056998 1.749706 1.415425 0.834378 0.033724 0.376694 0.723230 0.453418 0.522467 0.385676 0.204284 0.087015 0.238640 -0.588852 0.055335 -0.053978 -0.119895 -0.117748 -0.217599 -0.190823 -0.525824 -0.503612 0.081145 -0.155384 -0.358741 -0.193173 0.205861 0.194885 -0.483828 -0.530978 0.133177 0.020842 -0.034363 0.107761 -0.003885 0.289040 0.113175 -0.120176 0.106914 -0.086466 0.139991 -0.063906 -0.058550 -0.029180 -0.070624 -0.290938 -0.068829 0.315083 0.132311 0.143256 0.070915 -0.097538 0.020027 -0.114678 -0.298586 -0.150382 -0.246564 0.341714 -0.041050 
66.648010 3.406478 2.239864 1.273936 1.369479 1.280091 0.836842 0.693366 0.910244 1.083486 0.882562 0.387731 0.633540 0.820567 0.285097 -0.137605 -0.732352 -0.518150 0.198828 0.094369 0.125731 0.104775 0.070807 0.219364 0.503475 0.445508 0.486956 0.209572 0.147221 0.173659 -0.001187 -0.330107 -0.823443 -0.272494 -0.114131 -0.549454 -0.284811 -0.443958 -0.030097 0.059025 0.075615 -0.170158 0.258440 0.163063 0.032950 0.240359 0.060262 0.058769 0.130461 0.141473 0.286576 0.143633 -0.108508 0.134283 0.078187 -0.009935 0.117059 0.105808 -0.001784 0.152883 0.071441 0.101855 -0.369650 
70.285461 5.124331 1.082186 0.069188 0.424561 1.007698 -0.591148 -0.298271 0.256340 0.355403 0.929689 1.291808 1.023206 0.954820 -0.068047 0.596355 0.167118 -0.690765 0.441060 -0.161872 -0.492205 -0.424047 -0.377553 -0.440976 -0.060612 -0.525376 0.617045 0.222686 -0.565110 -0.188146 -0.612939 -0.230396 -0.475384 0.365023 0.382193 -0.481993 -0.344846 -0.078531 -0.081523 0.044527 0.665522 -0.154974 0.211702 -0.041131 -0.628814 0.078799 -0.195630 -0.433023 -0.201141 0.311352 0.045158 0.162364 -0.060947 0.101875 0.009300 0.181756 0.335217 -0.034856 0.498687 -0.028610 0.162245 -0.094341 -0.281425 
70.721153 5.114808 0.330668 -0.615641 0.478075 1.241262 -0.647362 -0.431173 0.529816 0.782671 1.265490 1.231362 0.434506 0.841928 0.079080 0.570863 0.571332 -0.039796 0.219881 -0.158059 -0.092016 0.014067 -0.052280 -0.983786 0.025362 -0.392296 -0.288997 -0.102542 -0.433267 -0.030661 -0.282723 -0.097171 -0.462681 0.007340 0.103736 -0.178165 0.100154 -0.243365 -0.156904 -0.049600 0.168802 -0.265496 0.413029 -0.051575 -0.141977 0.238590 0.258733 -0.450367 -0.378363 -0.135075 -0.139809 0.285832 0.052511 0.308917 -0.110206 0.070250 0.399540 -0.114793 0.073722 -0.068118 -0.019307 0.160617 -0.179971 
70.544197 5.454717 0.901356 -0.197148 0.400342 1.025651 -0.656112 -0.045081 0.681567 0.836734 0.771537 1.439279 0.791283 0.885815 0.138175 0.840181 0.363881 -0.144600 0.743069 0.099646 -0.042608 0.026299 -0.285537 -1.305624 -1.151998 -0.576447 0.155764 -0.335579 -0.410838 0.439966 0.078741 0.142873 -0.488945 0.061247 0.378431 -0.052611 0.081856 -0.491502 -0.687089 -0.845832 0.054391 -0.095627 0.646106 0.152250 -0.363091 0.025773 -0.280772 -0.579843 -0.138072 0.015189 0.173651 0.334846 0.324892 0.679650 -0.000650 0.062609 0.502548 -0.029768 0.117229 -0.248822 -0.043990 0.109471 -0.236395 
70.718750 5.511135 1.442123 -0.475481 0.391846 0.865474 -0.791006 -0.066722 0.118955 0.262533 0.903747 1.486488 0.892606 1.091778 0.987570 0.957404 0.744196 0.190979 0.668524 -0.048680 -0.253316 -0.582858 -0.216169 -0.871642 0.021531 -0.046117 0.459028 0.548545 -0.766342 0.050822 -0.449705 -0.701877 -0.726633 -0.206210 0.307627 -0.240910 -0.264238 -0.342710 -0.631489 -0.243079 0.255230 -0.107217 0.458890 0.470740 0.176301 0.456451 0.330992 -0.027650 0.115115 0.137451 -0.026305 0.180387 -0.241681 0.214132 -0.116558 0.004444 0.086724 -0.052752 0.065102 -0.130928 0.142646 -0.090321 -0.441313 
70.498062 4.910576 0.840630 -0.912778 0.192939 0.654391 -0.695918 -0.298773 0.583890 0.841180 0.780430 1.394154 1.023672 1.318956 0.692400 1.362400 0.939235 -0.195304 0.687127 0.258586 0.171859 -0.054047 -0.773445 -0.958392 -0.069822 -0.574823 0.167396 -0.271687 -0.727007 0.062415 -0.124101 -0.491102 -1.008448 -0.171096 0.220936 -0.498563 -0.371957 -0.377900 -0.009509 -0.028647 0.014256 0.002726 0.534246 0.503373 -0.041590 -0.054646 -0.254046 -0.482498 -0.277030 0.056677 -0.245313 0.325879 0.203881 0.510555 0.257274 0.074460 0.211147 -0.208987 0.155430 0.191085 0.288965 0.161551 0.055318 
71.002151 5.837526 1.296431 -0.258473 -0.134074 0.610879 -0.677562 -0.166633 0.699274 0.636573 0.697496 0.819772 0.695873 0.880177 0.364629 0.617010 0.723498 0.009044 1.003625 -0.335150 -0.049438 -0.182674 -0.077477 -0.272612 -0.158632 -0.180840 -0.331768 0.346378 -0.582355 0.041695 -0.523127 0.003720 -0.329177 -0.149298 0.210603 -0.070430 -0.053104 -0.024414 -0.409120 -0.255194 -0.089740 -0.346368 0.488497 -0.171488 -0.012964 0.632524 -0.021840 -0.170887 0.223639 0.277774 0.007281 0.241635 -0.036213 0.295366 -0.141898 0.019592 0.377691 0.021798 0.014665 -0.162559 0.037412 0.027890 -0.411317 
71.197807 5.711404 1.192656 -0.047362 -0.495716 0.595037 -1.139305 -0.605366 0.208882 0.491864 1.220208 0.789574 0.244991 0.356106 0.062109 1.039022 0.676217 0.229649 1.053897 -0.224593 -0.619435 -0.575440 -0.068476 -1.057127 -0.437626 0.042898 -0.092811 -0.035355 -0.459920 0.309743 -0.252978 0.388630 -0.378131 -0.078530 -0.178396 -0.217155 -0.258004 -0.125987 -0.022821 -0.298042 0.311132 -0.153467 0.457704 0.161657 -0.091399 0.284128 0.014897 -0.344675 -0.264357 0.087548 0.035110 0.187233 0.124598 0.004639 0.020745 0.005151 0.356703 -0.129626 -0.219904 -0.567602 -0.291790 -0.017186 -0.154151 
70.959885 6.042612 0.933471 -0.214885 -0.037521 0.655467 -0.550717 -0.025733 0.271482 0.576438 0.419705 0.905595 0.318501 1.036747 0.000401 0.503416 0.835373 0.170460 0.633404 0.189512 0.163093 -0.371852 0.202973 -0.729840 -0.489921 -0.503614 0.153456 -0.044829 -0.448527 0.308605 -0.149884 -0.159194 -0.643590 -0.156440 0.296163 -0.089619 -0.090485 -0.243745 -0.222497 -0.006251 0.503124 0.062219 0.009551 0.264909 0.045645 0.356589 -0.200633 -0.278202 -0.073757 0.186645 -0.025700 0.373033 -0.103510 0.257860 0.065323 -0.142858 0.268067 -0.090684 0.152690 -0.299831 -0.096862 0.365601 -0.083575 
70.910614 5.353427 0.965761 0.005178 0.408712 1.061521 -0.508428 -0.335215 -0.421848 -0.248092 0.357448 1.163954 0.703008 1.012295 0.252401 1.100563 0.910446 0.170785 0.172087 -0.376968 0.120991 -0.396786 -0.280070 -0.893716 -0.182679 -0.516631 0.085486 0.461677 -0.460677 0.150526 -0.128702 -0.131234 -0.647640 -0.005673 0.018336 -0.637921 -0.103805 0.046986 -0.004857 -0.000484 0.001646 -0.121714 0.274812 0.077203 -0.399687 0.184205 -0.334902 -0.565899 -0.045213 0.105652 0.238070 0.303781 -0.045303 0.063075 -0.007233 0.063666 0.423308 0.032941 0.111263 -0.070281 0.048951 -0.157250 -0.311006 
70.989960 5.491748 0.996087 -0.152857 0.479852 1.767734 -0.987028 -0.730475 0.218774 0.237476 0.695045 0.683182 -0.158176 0.681543 0.648126 0.587720 0.375879 -0.132767 0.172835 -0.127305 -0.243237 -0.040334 0.119329 -0.657640 -0.245000 -0.519317 -0.431004 0.281940 0.015732 0.310451 -0.198305 0.204097 -0.732071 0.092228 0.068749 -0.176788 -0.661893 -0.534337 0.133870 -0.160368 0.406471 -0.137079 -0.226694 -0.148491 -0.297348 0.206815 -0.097720 -0.184341 -0.120109 -0.029738 0.046973 0.070247 -0.112748 0.467256 -0.267105 0.018144 0.256986 0.117003 0.184433 -0.111228 0.114149 -0.308675 -0.220440 
70.787941 5.094935 0.935747 -0.721049 0.334033 0.980785 -0.686243 -0.594794 0.212696 1.079558 1.233631 1.261881 0.295216 0.655463 0.420818 1.016023 0.790125 -0.427939 0.721641 -0.002643 -0.065163 -0.334257 -0.272351 -0.311216 -0.094260 -0.557206 -0.182093 -0.406421 -0.720834 -0.060726 -0.305029 -0.166287 -0.352754 -0.218686 0.268653 -0.359529 -0.094106 -0.008284 -0.517404 -0.553815 -0.170767 -0.221057 0.346341 -0.201077 -0.228079 0.431539 0.123449 0.145793 0.158005 0.024611 -0.110944 0.086049 0.224825 0.300531 -0.026204 -0.180117 0.081197 -0.259086 0.128272 0.032361 0.159761 0.107538 -0.303611 
71.124748 4.953085 0.608941 -0.286310 0.415646 0.783494 -1.152143 -0.383573 0.077747 0.047039 1.367837 0.863273 0.552442 1.213231 0.475185 0.706946 0.453786 -0.478494 0.327070 -0.316173 0.094806 0.131723 0.170353 -0.433770 0.023338 -0.278633 0.066786 0.363315 -0.850053 -0.219853 -0.322342 0.156184 -0.966884 -0.307732 -0.196440 -0.396294 -0.271311 -0.301698 -0.455699 -0.700374 -0.103956 -0.539250 0.394558 0.041476 -0.028896 0.567037 0.114217 0.130831 0.412288 0.208086 0.121032 0.022658 0.068014 0.127694 -0.005167 0.014648 0.054324 0.247264 0.326941 -0.022682 -0.053525 -0.194998 -0.143643 
71.070328 4.509428 1.501140 -0.077154 0.360715 0.986997 -0.534456 -0.584007 -0.004219 -0.209412 0.873724 0.845972 0.075065 1.050853 0.326527 0.705600 0.153289 -0.664291 0.746347 -0.068771 0.020296 -0.055464 0.213444 -0.508978 -0.368342 -0.555496 -0.111841 -0.247810 -0.677108 0.156026 -0.211545 -0.040832 -0.197874 -0.287697 -0.323688 -0.214379 -0.184552 0.204759 -0.339539 -0.353475 0.512053 -0.103433 0.063904 -0.095174 -0.603397 -0.046504 -0.065389 0.114441 0.344362 0.176652 0.108782 0.023040 0.072045 0.087694 0.117728 0.071905 0.194019 -0.027585 0.262615 -0.220111 0.011318 -0.127064 -0.144196 
71.957771 4.837447 0.431351 -0.259793 0.013575 0.341831 -0.951857 0.261707 0.155969 0.736505 0.742581 1.324133 0.415913 1.184868 0.685917 1.007109 0.584260 -0.095447 0.705798 -0.482063 -0.191867 0.054524 0.201626 -0.943638 -0.558533 -0.117838 -0.365112 0.127473 -0.565611 0.199682 -0.069959 0.169009 -0.284174 -0.407207 0.333818 -0.155340 -0.561088 -0.279868 -0.226696 -0.169873 0.139137 -0.047726 0.413049 0.182450 -0.005771 0.180851 -0.062077 -0.065806 0.177166 0.021091 0.020060 0.265169 -0.095808 0.088434 0.164395 0.029734 0.155680 0.092665 0.371349 0.062430 -0.006478 -0.011933 -0.366561 
70.878113 4.578718 0.617883 -0.161226 0.593908 1.287922 -0.141097 -0.180125 0.346154 0.337314 0.962189 1.650999 1.071331 1.259890 0.634142 1.046648 0.408051 -0.243871 -0.188346 -0.351814 -0.167687 -0.192047 -0.008009 -0.276841 -0.142515 -0.356524 -0.040931 0.184712 -0.432860 -0.260804 -0.284512 -0.147721 -0.509023 -0.091908 -0.161711 -0.336566 -0.813519 -0.152262 0.182077 -0.010483 0.391260 -0.015696 0.351643 0.114848 -0.295995 -0.132912 -0.229783 -0.124509 0.114727 0.386632 -0.038788 0.151895 -0.007765 -0.031434 -0.131099 0.068945 0.373378 -0.085018 0.135465 -0.346068 -0.252128 0.147231 -0.304523 
71.072716 4.707457 0.775693 0.143539 0.316805 1.336051 -0.780063 -0.539548 0.316362 0.437816 1.115173 1.186369 0.823479 1.344914 0.478654 0.602074 0.082107 -0.119281 0.287159 -0.019347 0.363526 -0.162370 -0.048485 -0.220717 0.245046 -0.459504 -0.626647 -0.435892 -0.535194 0.087573 -0.165105 -0.023166 -0.502757 -0.167873 -0.142875 -0.574860 -0.649046 0.136241 0.137242 -0.153736 0.270690 -0.013560 0.026589 -0.329460 -0.502792 0.304464 0.229597 0.011373 0.159405 0.201121 0.167382 -0.024665 -0.200911 0.087288 -0.039280 0.167478 0.457641 -0.093029 0.280198 -0.072790 0.111438 -0.062553 -0.305509 
70.947029 4.981966 1.118274 0.161230 -0.041670 0.998467 -0.574238 -0.580361 0.024998 0.791948 1.098310 0.629376 0.184912 0.489484 0.464923 0.784832 0.299219 -0.493356 0.520714 0.552631 0.365037 -0.082790 0.257553 -0.829332 -0.573539 -1.006593 -0.156418 0.005774 -0.726117 -0.031308 -0.311004 0.247759 -0.607587 -0.211647 -0.178058 -0.583405 -0.277415 -0.116962 -0.627219 -0.644283 -0.259032 -0.686491 0.216627 0.029875 -0.110969 0.537095 -0.115519 -0.053496 0.471497 0.363194 0.220088 0.445902 0.014761 -0.104049 -0.020887 0.091166 0.103040 -0.138452 0.315343 -0.167253 0.129079 0.043178 -0.464745 
71.248314 5.131306 0.880651 0.404837 0.371530 0.570011 -0.338877 -0.015335 0.220878 0.530046 0.948907 1.350552 0.368290 0.304687 0.536086 0.761831 0.789405 0.296820 0.321975 -0.370348 -0.361376 -0.248510 0.062319 -0.379034 0.362752 -0.371090 -0.144009 0.145315 -0.547189 -0.041792 -0.184365 -0.327885 -0.416784 -0.085609 -0.211175 -0.286745 -0.442051 -0.240202 -0.017625 -0.112098 -0.261070 -0.253678 0.085340 -0.260259 -0.082906 -0.018426 -0.360323 -0.084691 0.358870 0.019391 0.166348 0.253369 0.199265 0.503818 0.140717 0.311350 0.338422 -0.116191 -0.057829 -0.299440 0.320311 0.114448 -0.339690 
70.823540 4.883638 0.538907 -0.549194 0.282213 1.065158 -0.314989 -0.513767 0.449107 1.056499 0.799107 1.145077 0.630469 0.432916 0.475549 0.735180 0.479059 -0.165098 0.046967 -0.396983 -0.671516 -0.041494 0.026903 -0.425859 0.130672 -0.388856 0.184917 0.588514 -0.242954 0.211683 -0.694686 -0.354555 -0.313740 -0.127335 0.060195 -0.513319 -0.496271 -0.238120 -0.196115 0.009794 0.117932 -0.097771 0.298821 -0.015523 0.001000 0.220627 0.132987 -0.434072 -0.251908 0.053989 0.069925 0.222971 0.150798 0.195379 -0.157512 0.061472 0.352776 -0.140471 0.138847 0.048430 0.325371 0.097955 0.020844 
72.396225 5.127237 1.730244 0.490635 -0.143763 1.104077 -1.721179 -0.677818 -0.123041 -0.241301 1.320321 0.610639 0.572858 0.671319 0.019746 0.679107 0.507115 0.104699 0.598230 -0.116858 0.305410 -0.395615 0.081619 -0.283574 0.058532 -0.103114 -0.037813 -0.534671 -0.883331 -0.154409 0.122955 -0.168415 -0.613684 0.031629 0.075763 -0.226290 -0.202071 -0.196203 -0.203730 -0.444455 -0.040204 -0.142941 0.250638 -0.042569 -0.141644 0.221202 -0.009200 0.041875 -0.151861 0.082988 0.048977 0.188977 -0.035107 0.153965 0.185859 0.011555 0.233178 0.258507 0.146727 -0.023438 -0.060333 0.169930 -0.233315 
75.708618 5.443374 0.666797 2.137508 -1.317850 -0.515749 -2.218122 -1.558935 -0.544870 -1.052183 0.318664 1.288313 0.507919 0.929111 1.174690 0.069004 -0.372365 0.116006 -0.153811 -0.510705 0.411804 -0.867933 0.246346 -0.043154 -0.360849 -0.607473 -0.567067 -0.494373 -1.168378 -0.722000 -0.271060 0.369026 -0.039284 1.074074 0.929680 0.065660 0.215283 0.190685 -0.034869 -0.430343 -0.695763 -0.624579 -0.136753 -0.020526 0.258351 -0.032891 -0.038815 -0.132872 -0.516832 -0.039541 -0.126806 0.220037 0.185919 -0.088093 0.276869 -0.015365 0.063976 -0.042137 -0.109720 -0.059164 0.093537 -0.208964 -0.115618 
78.539726 4.006336 0.191949 4.417950 -2.069588 -0.867892 -2.753446 -0.873805 -0.820662 -1.274203 0.869303 1.152442 0.970965 0.569244 1.275651 0.538919 0.014046 0.000618 -0.320934 -0.015684 0.107600 -0.428100 -0.024990 -0.389791 -0.217691 -1.168299 0.211615 -0.626002 -1.218126 -0.107481 0.159461 0.415964 -0.719377 0.893179 1.625479 0.216621 0.141787 0.041320 -0.347908 -0.934182 -0.540807 -0.597161 -0.045619 0.502932 0.211206 0.102803 -0.206574 0.181513 -0.207645 -0.001161 -0.014875 -0.116561 0.056744 -0.225555 0.221543 0.045221 0.033548 0.078668 -0.148484 -0.197071 0.042436 -0.071629 -0.114369 
78.843369 2.685724 1.490507 2.456809 -1.546018 0.835383 -3.777779 0.866680 -0.979336 -1.242388 1.418141 0.693896 0.823238 0.834040 0.353229 1.100629 -0.582139 -0.164462 -0.517021 -0.194670 0.148446 -0.246899 -0.409517 -0.320908 -0.334776 -1.242830 0.307665 -0.285071 -1.097370 -0.419782 0.342156 -0.077636 -0.625242 0.212506 0.953465 0.270353 -0.370709 0.157956 -0.476331 -0.374054 -0.517019 0.092946 -0.415727 -0.181568 -0.522747 0.138498 0.135755 -0.153330 -0.024583 -0.076175 0.104243 -0.191971 -0.143037 -0.081599 0.035730 -0.059762 0.217595 0.424468 0.124949 -0.184245 -0.164073 0.031150 0.024371 
78.795753 0.894642 1.742343 1.166155 -1.329801 2.933249 -3.523533 1.330525 -0.769074 -0.418808 0.960558 0.903297 0.487505 0.736440 0.232809 0.829476 0.513728 -0.117300 -0.588035 -0.693411 -0.926140 -0.205227 -0.285634 -0.429466 -0.305570 -0.709764 -0.053153 -0.259281 -0.833435 -0.314520 0.579460 0.175260 -0.552109 0.369849 0.538871 0.067333 -0.016263 -0.116104 -0.287436 -0.136731 -0.375721 -0.197226 -0.507173 0.243846 0.008641 0.288699 -0.365450 -0.210998 0.070363 -0.098460 0.031777 -0.014667 0.182356 -0.178481 0.093765 0.231126 0.097560 -0.459795 -0.200066 -0.225230 0.080900 -0.168083 -0.078544 
77.750519 0.455824 2.458678 1.196147 -2.369115 2.905716 -2.953937 1.164183 -0.569490 -0.516728 1.019195 1.118950 0.309038 1.113835 0.651519 1.052989 0.055428 0.229695 0.068543 -0.176934 0.046869 -0.580963 -0.340354 -0.576191 -0.524534 -0.437136 0.762401 0.190586 -0.427557 -0.223871 0.515191 0.267122 -0.525122 0.299741 0.200150 -0.043936 -0.385944 -0.103511 -0.398007 -0.452970 -0.093950 0.258163 -0.051988 0.002658 -0.094357 0.181026 -0.037024 -0.160196 0.008964 0.275332 0.085537 0.450218 0.315458 -0.134228 0.084131 -0.220541 -0.026487 -0.121811 -0.259325 -0.209461 0.008914 -0.177223 0.163145 
78.975128 3.095969 2.957116 1.408685 -2.645895 1.676603 -3.661773 -0.230538 -0.773780 -0.044142 1.184399 0.823282 -0.041415 0.957991 0.728384 0.445027 -0.425093 -0.070276 -0.370696 -0.305218 0.679137 0.029465 -0.322794 -0.077982 -0.250239 -0.900676 0.023934 -0.155533 -0.657135 -0.022223 0.819491 0.823385 -0.189212 -0.205088 0.150499 -0.266425 -0.594307 -0.183544 -0.257946 -0.686636 -0.313377 -0.222716 0.302803 0.192513 -0.127252 0.266393 -0.095533 -0.401346 -0.051546 0.123720 0.220955 0.288005 0.396085 -0.188163 -0.266661 -0.152642 0.089691 0.287853 -0.143835 -0.424539 0.028315 0.120739 0.167019 
78.045769 6.577863 1.830588 -0.372115 -1.946100 1.301852 -3.359003 -1.788709 -2.108423 -0.128234 1.533659 1.335004 0.593890 0.721958 0.823159 1.071562 -0.385371 -0.763818 -0.018990 -0.567859 0.584782 1.128825 0.435582 -0.894700 -0.027053 -0.414240 -0.725421 -0.176708 -1.037205 -0.538146 0.209898 0.209892 0.044665 0.591860 0.541276 0.173644 -0.138116 -0.527349 -0.446041 -0.354088 -0.315628 -0.508848 -0.049866 -0.060424 0.523252 0.295676 -0.180198 -0.615938 -0.137725 0.320412 -0.074641 -0.009285 -0.057108 0.188279 -0.125786 0.025948 -0.036785 0.202651 0.128080 0.159960 0.522850 0.416274 0.266403 
74.356483 5.614250 2.585970 0.459182 -0.865743 1.302828 -2.545312 -1.597630 -1.358939 -0.150056 1.064342 0.573535 0.328201 0.909125 0.942585 0.389153 -0.103672 0.105040 0.667812 -0.206222 0.195601 0.298376 0.353627 -0.026975 -0.110783 -0.624919 -0.302329 -0.211234 -1.324953 -0.662512 -0.094086 -0.133635 -0.561788 0.142053 0.310756 -0.220467 -0.534317 -0.308374 -0.369789 -0.205180 -0.113400 -0.079275 0.265204 0.460511 0.261072 0.293766 -0.008258 -0.172573 -0.053177 -0.208239 0.192648 0.148039 -0.158086 0.043121 -0.010419 -0.092334 0.042395 0.083982 0.307464 -0.034082 -0.023908 0.116092 0.390617 
81.568481 7.706792 -0.764615 0.500403 -3.646668 -0.214283 -1.864144 -2.378049 -0.965094 0.684880 1.641352 1.146615 0.413994 -0.134730 0.476759 0.704571 -0.430777 -0.337157 0.176589 -0.396198 1.275741 0.843474 -0.637604 -1.005730 0.196711 -0.386680 -0.550895 -0.086984 -0.811092 0.019366 -0.367904 -0.128751 -0.625121 -0.359502 0.699921 0.576352 -0.154264 -0.178295 -0.112992 -0.364769 -0.156560 -0.240884 -0.285988 -0.159404 -0.164003 0.403207 0.823817 0.078034 -0.022487 0.071558 -0.303860 -0.241105 -0.155390 0.257673 0.415886 -0.127638 -0.163388 -0.124772 -0.245742 -0.192268 0.177987 0.153765 0.135658 
83.156883 7.279538 -2.184443 -0.050552 -5.070446 0.485266 -1.422379 -2.104092 0.294585 0.651559 2.618075 1.022734 0.170624 0.761429 0.842621 0.915552 -0.820735 0.404106 0.728362 0.567635 1.419385 -0.192014 -0.912561 -0.975662 0.026084 -0.547351 -0.748499 -0.261331 -0.951449 -1.035718 -0.697935 -0.444151 -0.956127 -0.129681 0.635266 1.066730 0.959994 0.535855 0.506803 -0.369261 -0.235582 -0.475786 -0.619898 -0.667627 -0.457819 0.693292 1.201550 0.372154 -0.022051 -0.087581 -0.846186 -0.833301 -0.211671 0.499187 0.843016 -0.206546 -0.231401 -0.242972 -0.234909 -0.029673 0.454670 0.290216 0.133469 
82.545311 8.445500 -2.357711 -1.052433 -4.633104 1.183034 -1.158816 -1.968995 0.295465 0.506293 1.904067 1.254299 -0.171991 -0.388034 0.382436 0.828875 -0.576183 0.488041 0.999396 0.320983 1.049829 -0.095873 -0.420162 -1.403121 -0.271396 -0.161547 -0.218339 -0.138513 -0.897666 -0.934627 -0.617534 -0.052910 -1.290429 -0.317045 0.480376 1.102907 1.216357 0.451573 0.867325 0.006866 -0.173593 -0.707860 -0.771730 -0.730375 -0.481151 0.799016 1.082152 0.371854 0.050601 -0.067049 -0.734726 -0.648739 -0.279494 0.888334 0.790891 -0.205339 -0.451864 -0.401649 -0.482380 -0.080227 0.457130 0.136444 0.023308 
81.787369 8.774176 -1.861864 -2.455286 -4.229699 1.028232 -0.545565 -1.388859 -0.203271 0.072194 1.781515 1.810173 0.231271 -0.368816 0.066020 -0.138989 -0.869804 0.878796 1.042697 -0.060365 0.604521 -0.482874 -0.516295 -0.844942 -0.365632 -0.500249 -0.186505 -0.129787 -0.740697 -0.468348 -0.149273 -0.156364 -1.211384 0.105169 0.826552 0.839269 1.345037 0.778378 0.781725 -0.053976 -0.037667 -0.743301 -0.721319 -0.725351 -0.621087 0.403541 0.645627 0.218241 0.426678 0.085848 -0.438138 -0.748691 -0.406132 0.485610 0.911617 0.265875 -0.140792 -0.311775 -0.224421 -0.031031 0.507921 0.366062 0.359370 
81.139229 7.983110 -1.556940 -1.648509 -4.013250 1.130355 -0.756001 -1.621037 -0.498524 -0.022869 1.637105 2.279431 0.538492 -0.187359 -0.182363 -0.125868 -0.491238 0.307536 1.031505 0.178742 0.581668 -0.588687 -0.736437 -0.532327 -0.217359 0.150683 -0.149605 -0.377170 -0.864308 -0.823287 -0.712478 0.141335 -1.269384 0.341559 1.354508 1.293458 1.337317 0.843874 0.292652 -0.678312 -0.265725 -0.524863 -0.824694 -0.490172 -0.537482 0.690311 0.808340 0.191512 0.171026 -0.168034 -0.867521 -0.597255 -0.104398 0.746460 0.876611 -0.096001 -0.241949 -0.241235 -0.103575 0.102701 0.476562 -0.168029 -0.251079 
82.257019 7.840280 -1.579760 -1.162840 -4.317736 0.910341 -0.767793 -2.081216 -0.748734 -0.688111 1.632688 2.169167 0.047826 -0.748079 -0.594844 0.374297 -0.364309 0.698356 0.746706 -0.447673 0.988177 -0.528269 -0.839094 -0.649895 -0.543007 0.145200 -0.344639 -0.509313 -0.663096 -1.377515 -0.786630 -0.103156 -0.645574 0.419723 1.317867 1.407383 0.780204 0.679369 0.104715 -0.911742 -0.471732 -0.973611 -0.427409 -0.506635 -0.250184 0.766876 1.160626 0.482447 0.026254 -0.666437 -0.903826 -0.398290 -0.022614 0.367694 0.471669 -0.081186 -0.335631 -0.319340 0.000690 0.086613 -0.005107 -0.216236 -0.247072 
82.004692 8.535191 -1.442945 -1.812043 -4.378038 0.708026 -1.256086 -2.228279 -0.252487 0.176011 2.546049 2.244751 0.524546 0.232710 -0.604341 0.567543 -0.713012 0.596584 1.381329 -0.522460 0.747262 -1.119117 -0.760134 -0.932839 -0.365030 -0.117446 -0.380299 -0.769018 -1.142288 -0.943660 -0.327756 0.901598 -0.012474 0.854843 1.400384 0.794227 0.188948 0.462744 0.005000 -0.853949 -0.058606 -0.207570 -0.144980 -0.245872 -0.334234 0.496586 0.173628 -0.156860 -0.233163 -0.361778 -0.283818 -0.152878 -0.181352 -0.218721 0.187120 -0.097057 0.149339 0.421816 0.433368 0.160335 0.391258 0.011260 0.222016 
79.410255 9.268481 -0.201995 -1.647084 -2.686821 0.614206 -0.582611 -1.580045 0.073506 0.648307 1.743771 0.994260 -0.373039 0.238861 -0.352423 0.134850 -0.599721 0.211357 0.975788 -0.066731 0.701563 -0.403857 -0.785868 -1.054549 -0.485670 -0.587927 -0.238447 -0.170016 -0.525078 -0.251426 -0.452685 0.862867 0.264367 0.796633 1.020391 0.619804 0.219343 -0.112928 -0.365924 -0.563142 0.050156 -0.082565 -0.048830 -0.412187 -0.446158 0.012269 0.147923 0.292537 0.068931 -0.269023 -0.344950 -0.219745 -0.233501 0.082695 0.000212 0.142525 0.253225 -0.003323 0.074679 0.095815 0.532939 0.271496 -0.061500 
76.241386 8.641102 0.052878 -1.792842 -1.506412 1.007767 -0.854613 -1.265796 0.017181 0.271305 1.502775 1.610378 0.095505 -0.325741 -0.406658 0.267827 -0.541832 0.376732 1.701200 0.088233 0.152630 -0.133105 -0.713211 -0.823821 -0.080418 -0.129158 0.203154 -0.036097 -0.838354 0.223927 -0.049197 0.329321 -0.448972 0.251971 1.059206 0.231276 0.033714 -0.306826 -0.413530 -0.643699 -0.211620 -0.306254 -0.092571 -0.073302 -0.511699 0.360303 0.439386 -0.105492 0.143754 0.039830 -0.452603 0.078335 0.031116 0.184172 -0.023148 -0.239162 0.036989 -0.033130 0.077076 0.250088 0.231446 0.084725 0.108654 
73.936966 6.930853 0.490256 -0.951662 -1.235465 0.934267 -0.314711 -0.482372 0.444869 0.719984 1.271499 1.447806 1.032090 0.678951 -0.076878 0.046330 -0.135137 -0.021487 0.390418 -0.516685 -0.106203 -0.538592 -0.424521 -0.417429 0.025433 -0.053525 0.263600 -0.011070 -0.302310 0.041525 0.054201 0.352814 -0.240604 0.725515 1.247696 -0.104880 0.095314 -0.027496 -0.261936 -0.690114 0.052136 -0.086141 -0.203793 0.027705 -0.251575 0.326887 0.438077 0.565393 0.415518 -0.074667 -0.367061 -0.180252 -0.191235 0.111820 0.007341 0.006355 -0.047906 -0.349586 0.024258 0.075047 -0.015794 0.030173 0.011163 
73.365349 6.684648 0.837691 -0.854862 -0.658170 0.264631 -1.227501 -0.744950 0.067265 0.674697 1.518549 1.308429 0.435144 0.587085 -0.406091 -0.096552 -0.197360 0.173653 0.650850 -0.427442 -0.028960 -0.225443 -0.714619 -1.014447 -0.001400 -0.356014 -0.027631 0.167129 -0.735334 -0.172305 -0.217634 0.109396 -0.556127 0.248667 0.704289 -0.029261 -0.263358 -0.398995 -0.572229 -0.642178 -0.211748 -0.369954 0.088680 0.132473 -0.182745 0.496925 0.545954 0.263295 0.074465 -0.032053 -0.144415 0.028077 -0.155345 0.348513 -0.125075 -0.031587 0.036290 -0.267770 -0.048000 -0.268003 -0.063055 -0.165558 -0.158839 
72.394852 6.401361 0.715280 -0.690077 -0.689460 0.477783 -0.403705 -0.981236 0.081453 0.700237 1.494103 1.059089 0.580206 0.626441 -0.373007 0.209316 0.560952 0.168338 0.483896 -0.191197 -0.479990 -0.659240 -0.401794 -0.670873 -0.056732 0.049560 0.570500 -0.055369 -0.577482 0.083025 -0.212240 -0.098027 -0.943077 0.006821 0.865637 0.213546 0.082855 0.141017 0.026077 -0.357854 -0.302783 -0.335135 0.181283 -0.217971 -0.431764 0.239520 -0.147149 -0.265049 -0.030051 -0.144028 0.023160 0.214822 0.157851 0.627753 0.125159 -0.056502 0.217055 -0.266323 0.191418 0.040143 0.103938 -0.092628 -0.282065 
71.905754 5.943105 1.045285 -0.273741 -0.457695 0.768768 -0.563345 -0.751764 0.083915 0.432169 1.008127 1.213206 0.425746 0.127020 -0.545294 0.235565 0.578331 0.303127 0.580701 -0.069288 -0.137517 -0.434567 -0.427795 -0.992386 -0.345634 -0.516217 -0.311067 -0.037812 -0.853442 0.225892 -0.148472 0.197404 -0.666261 -0.089197 0.683063 0.041010 -0.264121 -0.002374 -0.135015 -0.322820 -0.155317 -0.317774 0.024984 0.022542 -0.390691 0.245603 0.194128 -0.299498 -0.235747 -0.021141 -0.263798 -0.235234 -0.038252 0.457598 0.282067 0.059144 0.083198 0.065570 0.123253 -0.242591 -0.063933 -0.012998 -0.158722 
72.397568 5.451630 1.028027 0.082018 -0.101464 0.678789 -0.821595 -0.233853 0.065725 0.571075 1.024258 1.321732 0.278759 0.251519 -0.582649 -0.183815 0.231685 0.037126 0.517768 -0.222982 0.048079 -0.250085 -0.342292 -0.835645 -0.377572 -0.457169 0.055772 0.179820 -0.598177 -0.230667 -0.587966 -0.541665 -0.700677 -0.133152 0.471358 0.120398 0.001201 -0.220705 0.007173 -0.211562 -0.178878 -0.530509 -0.091907 -0.480421 -0.441854 0.301907 0.151517 -0.433604 0.078522 0.019966 -0.093799 0.333891 0.123741 0.368604 0.320902 0.276565 0.135526 -0.055849 -0.107611 -0.397605 -0.025856 -0.120928 -0.308643 
71.916443 5.568982 1.500618 0.043647 -0.261997 0.986322 -0.567210 -0.300190 0.258121 0.450345 0.802808 0.909199 0.201406 0.694376 -0.050276 0.683694 0.933394 0.198201 0.925120 0.259944 -0.038800 -0.003032 -0.222820 -0.701620 -0.273365 -0.790745 -0.174349 -0.003897 -0.592908 0.141365 -0.300604 -0.510356 -1.059001 -0.058694 0.515066 -0.016283 0.194277 -0.198539 -0.266271 -0.626801 0.087214 0.074964 0.346011 -0.201392 -0.315791 0.037179 0.091379 -0.138924 0.243112 0.027890 -0.107629 0.238078 -0.182521 0.163386 0.181998 -0.105260 0.230307 0.012888 0.049638 -0.662736 -0.059443 -0.007473 -0.295764 
71.431137 5.612823 1.362846 -0.106653 0.203260 1.111762 -0.759457 -0.424362 0.005639 -0.012007 0.653613 1.366738 0.405959 0.419246 0.496221 0.966192 1.141761 0.095266 0.816550 -0.123351 -0.308072 -0.281883 -0.542690 -1.169492 -0.268073 -0.711688 0.206403 0.476254 -0.644001 -0.116921 -0.211054 -0.155762 -0.385425 -0.005254 -0.300273 -0.330915 -0.049754 -0.134049 -0.494931 -0.547259 0.162313 -0.154564 0.543147 -0.007564 -0.335729 0.050891 0.068116 -0.337962 -0.289950 -0.143863 -0.037855 0.343747 0.146518 0.442366 0.136934 0.105794 0.324229 -0.042895 0.278453 0.067332 0.038369 -0.239791 -0.327653 
70.668274 5.382213 1.370159 -0.218167 0.274325 0.248396 -1.236026 -0.274239 0.270190 0.811114 0.849900 0.834623 0.268311 0.234302 0.021658 0.774017 0.835293 -0.670646 0.361856 -0.247621 -0.223278 0.327066 -0.295222 -0.767424 -0.006042 -0.689700 0.066875 0.111860 -0.397782 0.204117 -0.486604 -0.417350 -0.866944 -0.154422 -0.056875 -0.632989 -0.313868 -0.259853 -0.133441 -0.056361 0.499928 -0.188496 0.420827 0.229543 -0.289160 0.250110 -0.027796 -0.267712 -0.282342 0.018660 0.126848 -0.151298 -0.183976 0.325343 0.118956 0.221981 0.270944 -0.207254 -0.086231 -0.193565 0.179096 0.189596 -0.306316 
74.735535 7.037547 -0.993223 -2.780543 -0.485458 1.376810 0.010906 0.377438 -0.299137 -0.846296 0.261490 1.891907 1.821417 1.099950 -0.195572 -0.190078 -0.185793 -0.905651 0.411866 -0.191397 0.192749 0.394527 -1.081673 -1.839364 0.076873 0.777063 0.765169 0.235534 -1.159683 -0.560257 -0.227348 0.820962 -0.434720 -0.304559 0.394339 -0.114787 -0.342143 0.027599 0.171661 -0.518246 0.048150 -0.472314 0.352839 0.342504 0.156466 0.349599 -0.225416 -0.447138 0.057951 0.158942 -0.265379 -0.111892 0.112070 0.109235 -0.211276 -0.166491 -0.123839 0.071565 0.518723 0.017464 0.158706 0.137873 -0.112370 
73.438766 6.805609 -0.338632 -2.889349 -1.234371 1.331933 0.977172 0.587067 -0.145966 -1.186161 -0.027193 1.242859 1.752290 1.711778 -0.039147 -0.646572 -0.536036 -0.289650 1.133062 0.463023 0.228605 -0.049631 -0.645481 -1.550789 0.414337 0.581993 0.259956 -0.350231 -1.573627 -0.874532 -0.088021 0.357361 -0.405427 -0.494476 -0.393471 -0.670009 -0.608642 0.191860 -0.126571 -0.728101 0.292778 -0.223097 0.190727 -0.117512 0.180991 0.795445 0.047570 -0.170596 -0.481030 -0.185665 0.303308 0.522491 -0.118811 -0.190099 -0.064854 0.157503 0.287662 -0.273533 0.002754 -0.124377 0.087802 -0.090485 -0.337417 
72.395851 5.927731 -0.451169 -2.189644 -0.811935 1.466441 1.104524 1.266695 0.333943 -0.916178 -0.262165 1.689654 2.293139 1.754830 -0.499880 -0.527273 -0.596916 -0.737799 0.656408 0.177283 -0.309731 -0.853435 -1.128585 -1.176528 0.565991 0.557759 0.684034 0.265715 -0.981360 -0.371559 -0.208241 0.927477 0.028663 -0.213346 -0.615769 -1.520552 -1.035148 -0.138026 0.134788 -0.392836 -0.513258 -0.650764 0.039463 -0.142317 0.141567 0.538583 -0.132994 -0.260116 -0.065681 0.085892 0.401913 0.532196 -0.154459 0.094841 -0.118358 -0.046145 0.125652 -0.033269 0.293311 -0.635730 0.183058 0.030270 -0.522174 
71.981522 5.972673 -0.033909 -2.124621 -0.668268 1.235691 0.853807 1.082675 0.248826 -0.702036 -0.284194 1.512741 2.106526 2.098082 0.254209 -0.211300 -0.107388 -0.540351 1.593028 0.872390 0.335879 -0.372775 -1.374289 -1.371384 -0.479970 0.452623 0.482506 0.269253 -1.199210 -0.602864 0.029892 0.894340 0.237800 -0.100310 -0.651071 -1.153946 -0.493356 0.593030 0.249947 -0.326806 -0.172051 -0.447846 0.421896 -0.201581 0.336980 0.549422 -0.175279 -0.569822 -0.116586 -0.046050 0.160533 0.429271 -0.167070 0.165059 -0.065321 0.396680 0.433139 -0.068554 0.077280 -0.279445 -0.134698 0.018272 -0.417249 
71.273727 5.182259 -0.005826 -1.169627 -0.065973 1.611385 1.605458 1.437241 0.205781 -0.761426 -0.217243 1.189981 1.736941 2.250168 0.441386 0.089322 -0.422010 -0.140724 1.744334 1.002600 0.470209 -0.943920 -1.655922 -1.819888 0.000761 0.360257 0.759646 0.129084 -0.804021 -0.319843 -0.000518 0.698252 -0.170774 -0.075502 -0.038600 -1.022280 -0.754323 0.333419 0.718865 -0.253859 -0.075707 -0.519177 0.347682 0.446349 0.328182 0.600907 -0.315207 -0.706067 -0.016659 0.159671 0.561994 0.614626 -0.038677 -0.017520 -0.245287 -0.015195 0.053347 -0.117258 0.126403 -0.301231 -0.310105 0.214202 -0.194591 
71.509628 5.884457 0.683044 -1.304774 0.246179 1.551690 0.804501 0.490278 -0.765138 -1.533329 -0.230036 1.616139 1.933597 2.013277 0.657241 0.272887 -0.403691 -1.060592 0.985467 0.821452 0.311507 -0.301979 -0.733395 -0.914327 -0.158901 0.270063 0.881884 -0.204648 -1.099721 0.099063 0.250338 1.491590 0.531705 -0.141288 -0.501051 -1.043808 -0.538777 0.187431 0.613613 0.122008 0.086599 -1.069392 -0.206503 0.074789 0.325136 0.694235 -0.145906 -0.326452 -0.016114 0.226969 0.731618 0.611781 -0.215922 0.035047 -0.124568 -0.092687 0.398226 0.074753 -0.164807 -0.523091 -0.031032 -0.024757 -0.251258 
71.185493 5.720747 0.943820 -1.746705 -0.792796 1.274965 0.502585 0.554224 0.042312 -0.809719 0.174690 1.465991 1.831211 1.419918 0.129253 0.346162 -0.332441 -0.437268 1.520722 0.854624 0.215585 -0.580364 -0.929820 -1.073331 0.653331 0.307653 0.810608 -0.165967 -1.150037 -0.692195 -0.361090 0.606100 -0.147207 -0.085972 -0.531691 -1.307728 -0.870205 0.444100 0.487327 -0.266746 0.003496 -0.544597 0.188163 0.249518 0.235006 0.528937 0.054113 -0.252304 -0.172585 0.153122 0.281112 0.579655 -0.276062 -0.081015 -0.300451 0.161779 0.778850 0.097593 0.150384 -0.145576 -0.018751 -0.364171 -0.245684 
71.442497 5.910264 0.598849 -1.609269 -0.143455 1.632009 0.208492 0.778863 0.195613 -0.342143 -0.108792 1.304893 1.448929 1.340368 0.467196 -0.253276 -0.919540 -0.358276 1.229668 0.276005 0.385739 -0.641343 -1.143503 -1.358052 -0.381776 -0.123344 0.804824 -0.101171 -1.346153 -0.539134 0.158813 0.949728 0.430458 -0.231373 -0.212900 -0.552316 -0.691730 0.076462 -0.041291 -0.445901 -0.081569 -0.763115 0.433627 0.287576 -0.219718 0.420327 0.015235 -0.343537 -0.117075 0.390369 0.622258 0.242174 -0.245227 -0.183908 -0.592636 0.362860 0.349803 -0.041051 0.276059 -0.164872 0.279331 -0.328000 -0.583925 
71.356201 5.723803 0.677563 -1.111512 0.104207 1.850445 0.382648 0.511320 0.060760 0.115428 0.109204 1.283108 1.714538 1.691025 0.064633 -0.476777 -0.344281 -0.209877 1.794294 0.637299 -0.264739 -0.445247 -0.759781 -1.377704 0.030343 0.053920 0.819794 0.269504 -1.124069 -0.473903 0.076242 0.823763 -0.090366 -0.336595 -0.312816 -0.630541 -0.576442 0.405034 0.198069 -0.166512 -0.251538 -0.561991 0.131554 0.315670 0.037193 0.491426 -0.016690 -0.274094 -0.473653 0.096035 0.343856 0.455562 -0.013232 0.122265 -0.308872 -0.039123 0.340902 0.190116 0.221022 -0.286929 -0.105506 0.004258 -0.337564 
71.248451 5.535294 0.428638 -0.823713 0.409637 1.778991 0.272491 0.545592 0.375588 0.171654 0.537426 1.254413 1.363651 1.549066 0.041693 0.073357 -0.131502 -0.348653 0.793582 0.549677 -0.146653 -0.559486 -0.672937 -1.072270 0.087632 0.413225 0.458921 -0.102636 -1.267873 -0.577096 -0.211675 0.345436 0.229785 0.228648 0.046217 -0.889559 -0.691622 0.217189 -0.005937 -0.596862 -0.117045 -0.831640 0.121611 0.074193 0.400574 0.229897 -0.209891 -0.471749 -0.214735 0.190504 0.354508 0.518653 -0.021705 0.060433 -0.169099 -0.112419 0.267438 -0.003463 0.202379 -0.334283 0.160949 0.113217 -0.014699 
70.971092 5.540705 0.570962 -0.860102 0.088815 1.526066 -0.056445 0.301019 0.140476 -0.440967 -0.133276 1.082376 1.127946 1.347129 0.358031 0.430765 0.516504 0.110045 1.118299 0.233160 -0.137081 -0.301133 -0.334485 -0.929142 0.401387 0.044588 0.399378 -0.190221 -1.307031 -0.393823 -0.268543 0.266559 -0.615681 -0.595200 -0.318538 -0.782146 -0.856289 0.170452 -0.094835 -0.256934 -0.080136 -0.313222 -0.069853 0.191083 0.324354 0.618985 -0.038044 -0.490077 -0.146906 0.179752 0.401349 0.861135 0.201847 0.077738 -0.038200 -0.060990 0.326535 -0.077271 0.076172 -0.481902 -0.005904 0.006584 -0.216788 
70.878380 5.436018 0.860819 -0.574704 0.073750 1.137197 -0.335114 0.514481 0.453568 -0.125474 0.655913 0.921596 0.711989 1.700335 0.570075 0.459983 0.243803 -0.036220 1.028283 0.204774 -0.026181 -0.265852 -0.316814 -0.814867 -0.320045 -0.458237 0.222702 -0.089249 -0.730092 -0.261779 -0.598461 0.286545 -0.243257 0.215874 -0.012257 -0.726527 -0.676277 0.147754 0.020590 -0.092452 0.220408 -0.324353 0.116464 0.021363 0.210439 0.259968 -0.293196 -0.666208 -0.236229 0.478984 0.360019 0.162338 -0.279646 0.198502 0.406352 0.452395 0.312083 -0.035521 0.259325 -0.215346 -0.007751 -0.144514 -0.435316 
70.303337 5.233928 0.897680 -0.302109 0.210078 1.163661 -0.147494 0.586884 0.757103 0.400612 0.722696 0.858577 0.201947 0.768917 1.184889 0.543288 0.519777 -0.058315 0.864854 -0.426071 -0.198481 -0.029855 -0.067869 -0.777351 -0.181692 -0.133256 0.070693 0.422622 -0.744197 0.098539 -0.178397 0.353647 -0.696824 -0.338922 -0.077494 -0.518973 -0.324598 0.052747 -0.227781 -0.312583 0.231987 -0.109086 0.241273 -0.249686 -0.011500 0.454187 -0.041441 -0.254606 0.275810 -0.053493 0.291021 0.455067 -0.056379 0.424352 0.085624 0.040175 0.009076 -0.190070 0.091888 -0.156591 0.173359 0.117772 -0.244931 
70.202240 5.099576 0.366823 -0.672083 0.133849 0.973535 -0.049073 0.421165 0.659965 -0.186026 0.495635 0.697721 0.370994 0.879537 0.017883 0.740518 0.702056 0.113251 0.734944 -0.314434 0.325925 0.551410 -0.328291 -1.450080 -0.758382 -0.503119 0.257568 0.154103 -0.780140 -0.571559 -0.659900 0.021781 -0.508645 -0.048651 -0.225654 -0.307046 -0.004265 0.341177 -0.337423 -0.552282 0.037006 -0.295035 0.289168 0.126149 0.160160 0.486671 -0.026162 -0.202867 0.131121 0.192852 0.329267 0.393746 -0.447172 0.186278 0.079865 0.228758 0.381293 -0.144931 0.064371 -0.271590 0.050103 0.160393 -0.164694 
71.310753 5.841765 1.458300 -0.447111 0.100078 0.863905 -0.692789 -0.294364 0.469092 0.306980 0.724848 1.097939 0.294352 0.776576 0.235515 0.791873 0.341680 0.268903 1.163058 0.034108 -0.130457 -0.311382 -0.256709 -0.872986 -0.204258 0.059567 0.290299 -0.004270 -0.762430 -0.105842 0.039333 0.162586 -0.274258 -0.197977 0.284417 -0.516188 -0.710565 -0.386615 -0.223984 -0.586637 -0.088160 -0.225783 0.409988 -0.118615 0.021961 0.211915 0.033580 0.022974 -0.075126 0.153904 0.386821 0.326057 -0.078774 0.151035 -0.271025 -0.041756 0.179658 -0.085473 0.251384 -0.224900 -0.232435 0.046061 0.037610 
72.107864 3.241147 2.290860 0.167958 -0.967225 2.290248 -1.770983 1.257111 0.002110 0.278420 1.442971 0.592682 1.761543 0.809405 0.378481 0.522229 -0.100901 0.370409 0.490336 0.558000 0.141821 0.264288 0.020096 -1.039558 -0.479080 -0.562509 0.184190 -0.381066 -0.822515 -0.676363 -0.455108 0.000397 -0.621879 -0.412153 0.225725 -0.575412 -0.221351 0.221386 0.112602 -0.429647 -0.240607 -0.485437 0.046473 0.276649 0.008294 0.333708 0.179591 0.231759 0.120005 0.136595 0.054268 -0.241930 -0.299157 0.155770 0.044997 -0.240548 0.036822 -0.047246 -0.068281 -0.450063 0.207702 0.320325 -0.289002 
75.605934 1.951067 3.203027 0.067782 -1.548330 3.477047 -2.259599 0.945990 -0.576055 0.616861 0.655778 0.921000 1.070000 0.976677 0.483129 0.434907 -0.076871 0.146938 0.736142 0.210876 -0.013293 0.217568 -0.483362 -0.444315 0.011939 -0.801613 0.522995 -0.211781 -0.509790 -0.439284 -0.097855 -0.290179 -0.299292 0.104688 0.212737 -0.570873 0.029631 0.487277 -0.264791 -0.509859 -0.386632 -0.163498 -0.103637 0.078956 -0.322736 0.208273 0.157636 -0.022421 0.251652 0.154914 -0.102686 -0.093681 0.171786 -0.001010 0.258394 0.157405 0.132289 0.095670 -0.087787 -0.489863 0.066769 0.052308 -0.063597 
76.028503 0.679346 3.362062 0.572336 -1.861690 3.465051 -3.204549 0.887197 -0.578528 0.258391 1.012709 1.074888 0.457769 1.214938 0.519596 0.815616 0.109079 0.498470 0.667787 0.027585 0.125555 0.354388 -0.389926 -0.760402 -0.295289 -0.655624 0.510410 0.060241 -0.481051 -0.419273 0.175490 -0.490284 -0.595891 -0.265099 0.053933 -0.202726 -0.268718 0.022852 -0.170771 -0.233935 -0.148244 0.083768 0.105779 0.221574 -0.095208 0.095011 0.017657 -0.290422 -0.096268 0.108657 0.123371 -0.065923 -0.003356 0.394062 0.454644 0.288760 -0.038007 0.201628 0.157019 -0.071565 0.167902 0.153400 -0.158972 
76.630127 -0.017122 2.390604 0.156780 -2.756519 2.931894 -2.886075 0.879307 -0.886658 0.323283 1.230814 1.306992 0.146594 1.075464 0.211711 1.145614 0.418821 0.209213 0.049940 -0.003451 -0.161496 -0.316321 -0.319156 -1.200951 0.036780 -0.683037 -0.001808 -0.434310 -0.516813 -0.414286 0.341045 0.014918 -0.723968 -0.003788 -0.217220 -0.493660 -0.056345 -0.037493 -0.369621 -0.363277 -0.208689 0.419090 -0.010936 -0.071435 -0.412134 0.169907 -0.005667 -0.174039 -0.370961 0.158580 0.111360 0.192627 0.151702 -0.257120 0.465472 0.157524 0.051520 0.227912 0.383912 -0.095701 0.101062 -0.267950 -0.439174 
79.726952 2.973167 2.187822 1.562986 -2.674908 0.942475 -3.861915 -0.267900 -1.425704 0.008512 0.646032 0.841970 0.686013 1.593589 0.335533 -0.298969 -0.363254 0.684827 -0.027723 -0.477513 0.381758 0.247778 -0.362498 -0.571257 0.554832 -0.843150 0.346276 -0.431650 -1.105132 -0.484448 0.511961 0.368310 -0.089115 -0.082376 0.329457 -0.206055 -0.802245 -0.341080 -0.275912 -0.568339 0.184927 0.254286 0.203015 0.050055 -0.433922 -0.115301 -0.092165 -0.256133 0.095906 0.402683 0.252298 0.022506 -0.111874 -0.154422 0.440106 0.036896 -0.064242 -0.058141 0.036246 -0.100634 0.017648 0.033272 0.071323 
84.800659 4.935171 -0.818105 2.552535 -3.213060 0.776792 -4.551269 -2.350487 -0.715656 0.664291 1.682417 1.119624 0.742119 1.610639 0.555623 -0.928649 0.145399 0.981973 -0.098539 -0.809309 0.171982 0.002547 -0.155533 -1.157158 0.262783 -1.101275 -0.152024 -0.104403 -1.991975 -0.142169 1.062651 1.810681 0.867053 0.255982 1.026973 0.226521 -0.789495 -0.856333 -0.930656 -0.600425 -0.114832 0.052957 0.254424 0.628008 0.147302 -0.177837 -0.465337 -0.544625 -0.368363 0.510163 0.688500 0.375637 -0.307733 -0.593366 -0.005551 0.166285 -0.274319 -0.062369 0.138402 -0.064850 0.317570 -0.104042 0.201111 
81.993675 6.039602 -0.499347 2.101244 -2.452159 0.434072 -4.367610 -2.957271 -0.078344 0.384072 1.117747 0.973751 0.756191 2.452781 1.523316 -0.866546 -0.525325 0.301882 0.402731 -0.586821 0.221765 0.596240 0.438578 -0.528352 0.284416 -0.827399 -0.526899 -0.050110 -1.625160 -0.671900 0.593899 1.232991 0.232775 -0.038613 0.698622 0.360459 -0.226517 -0.140130 -0.170293 -0.404852 0.063754 -0.231234 0.181746 0.199951 0.168537 0.267535 0.203432 -0.191022 -0.163241 0.110278 0.097662 0.174412 -0.168918 -0.554071 -0.151151 0.001683 -0.044607 0.223127 0.184973 -0.071944 0.361200 0.097463 -0.089965 
78.001762 6.199712 0.095455 1.477305 -0.359649 0.522681 -3.319721 -2.154928 0.001614 0.696670 0.588293 0.573720 0.907283 1.870028 0.624906 -0.862029 -0.534726 0.667657 0.538961 -0.609100 0.261097 0.764368 0.301153 -0.778167 0.051526 -0.802644 0.255471 0.153950 -1.879683 -0.417509 0.668706 0.331381 -0.305364 0.233867 0.605063 0.424517 -0.397172 -0.854800 -0.465908 -0.227195 -0.365441 -0.143546 0.307827 0.335177 0.246405 0.117800 0.234620 0.342395 0.291063 -0.126982 -0.108255 0.076489 -0.121636 -0.114406 -0.204705 -0.186569 -0.196373 -0.100732 0.293649 -0.080611 0.147346 0.240444 0.301503 
75.917503 5.463426 0.670618 1.621426 -0.659769 0.754969 -2.787250 -1.289961 0.041885 0.456511 0.989882 0.440864 0.668304 1.425210 0.836481 -0.307403 0.249959 1.240862 0.557612 -0.934030 -0.002047 0.611946 0.503331 -0.793579 -0.471091 -1.023701 -0.207863 0.215815 -1.546238 -0.645988 0.494217 0.189083 -0.389873 0.507252 0.802160 0.220903 -0.325439 -0.489134 -0.193550 -0.633043 -0.209436 -0.109794 0.090788 0.165080 0.330235 0.115086 -0.179161 -0.067772 -0.057467 -0.033775 -0.243784 0.229700 0.062242 -0.390974 -0.026326 -0.036191 0.260582 -0.157844 -0.095181 -0.134049 0.096025 0.331207 0.079579 
80.243820 3.970742 1.425673 1.970274 -2.722197 1.536597 -3.988041 -1.210264 -0.707154 0.619921 1.242951 0.766043 1.026530 1.604156 0.753327 -0.014193 -0.912413 1.150788 -0.029165 -0.935896 1.303331 0.968689 0.443654 -0.387803 -0.158937 -0.569590 0.032556 -0.342914 -0.431101 -0.458658 0.172078 0.154535 -0.869267 -0.335920 0.525953 -0.108127 -0.664484 0.132305 -0.003882 0.030217 0.373429 0.157334 0.144908 0.542190 -0.261096 -0.051457 -0.186046 -0.051775 0.357909 0.485439 -0.058431 -0.218412 0.113963 -0.359858 0.276388 -0.228468 0.151969 0.305236 0.121680 -0.244546 -0.108479 -0.223146 -0.253419 
82.157158 6.607439 -1.582257 1.393692 -2.203533 -0.699600 -3.186257 -1.991083 0.462789 1.923447 1.126662 0.981492 -0.085767 0.269261 0.429152 -0.572880 -0.426138 1.510281 1.053447 -1.191880 1.158661 0.684668 0.318134 0.687484 0.076384 -0.406134 0.155474 -0.057019 -0.920910 -0.028181 0.133727 0.705232 -1.013947 -1.327183 0.071154 -0.391674 -0.383094 0.620586 0.101460 -0.055564 0.473208 -0.049453 0.567257 0.250636 0.069079 0.323816 -0.223322 -0.338159 -0.285958 0.036706 0.140325 0.289682 -0.012828 -0.165270 -0.196278 -0.087099 0.129202 0.075807 -0.025951 -0.106635 0.169945 -0.077609 -0.020580 
80.184212 7.373342 -2.164753 -1.074814 -2.142381 -0.138870 -2.246489 -1.737306 0.100800 1.261894 0.749184 -0.074252 -0.339865 0.031357 0.157099 -0.058396 -0.716289 0.612186 0.820612 -0.813958 0.792632 0.599710 0.263145 0.283727 0.416491 -0.359071 0.546906 -0.480583 -1.804585 -0.266781 -0.409727 0.100023 -0.985584 -1.244386 -0.384303 -0.213086 -0.697755 -0.325311 -0.050754 -0.094891 0.288102 0.071966 0.569661 0.160229 0.094922 0.654408 0.192546 -0.230233 -0.333384 0.255872 0.013148 -0.140455 -0.412290 0.173981 0.333015 0.110777 -0.275474 -0.185878 -0.219971 0.020435 0.325281 0.127773 0.029810 
78.999985 8.586267 -1.646254 -2.209234 -2.193254 0.706741 -0.892631 -1.102608 0.015852 1.332047 0.098585 -0.876446 -0.152474 0.672248 0.860522 0.559817 -0.330262 1.235957 0.813770 -1.342100 0.397248 0.706909 -0.190237 0.195843 0.497678 -0.891150 0.415364 0.242032 -1.019857 0.044151 0.174360 0.731501 -0.645605 -0.720090 0.227445 -0.264518 -0.963219 -0.917855 -0.432132 -0.441546 0.070439 -0.180445 0.715755 0.275311 0.019452 0.385024 0.630360 0.310443 0.180762 0.608303 0.203417 0.266165 -0.302987 -0.392973 -0.199286 -0.266507 0.227596 0.127592 0.037671 -0.056009 0.072906 -0.377970 -0.280431 
77.871048 8.739427 -0.467401 -2.021158 -1.721858 0.835166 -0.585285 -0.803907 0.348202 1.311139 -0.005300 -0.894232 -0.278635 0.722516 0.816748 0.793214 0.068704 1.151908 0.890282 -0.465454 0.788073 0.444590 0.079667 0.138960 0.191465 -0.310047 0.166848 0.288728 -1.029680 -0.182261 0.121515 0.242961 -0.446449 -0.399963 0.104277 -0.104567 -0.931675 -0.468156 -0.463838 -0.479411 0.215054 -0.233390 0.496820 0.004468 0.154615 0.415213 -0.143040 -0.087177 0.125302 0.344321 0.229090 0.194272 -0.142969 -0.028295 0.081433 -0.047486 0.469287 0.077320 0.229003 0.118404 0.191201 -0.152260 -0.420571 
76.814026 8.663801 -0.601389 -2.092977 -1.449401 1.010624 0.258443 -0.337693 0.000717 0.414775 0.242151 -0.032417 -0.780612 -0.524105 0.190200 0.740037 0.552574 0.580821 1.057041 -0.318089 0.891700 0.533545 -0.014041 -0.309588 0.401160 -0.286096 0.585210 0.427624 -0.762949 0.122717 0.288907 0.610762 -0.467653 -0.365224 0.004485 -0.674033 -0.812395 -0.665428 -0.969454 -1.027155 0.009554 -0.376528 -0.074980 0.074887 0.020927 0.622211 0.195608 0.008727 0.292257 0.454360 0.184887 0.362803 -0.091748 0.221108 -0.038557 0.011070 0.159062 -0.082549 -0.348769 -0.263759 0.005111 0.069101 0.027723 
74.697098 7.504879 0.263820 -1.060594 -0.889772 0.465542 -0.877490 -0.660057 -0.366618 0.413130 0.354715 0.386976 0.008366 0.391645 0.485795 0.535513 -0.253278 0.468855 1.075677 -0.142338 0.525105 0.423801 0.254868 -0.498454 0.105326 -0.932571 -0.237595 0.032760 -1.264475 -0.199594 -0.034913 0.386722 -0.313329 -0.282958 0.044283 -0.391046 -0.624834 -0.276021 -0.563347 -0.864325 -0.081572 -0.465085 0.391032 -0.022126 -0.095673 0.439609 -0.091135 0.124674 0.238952 0.269825 0.475096 0.427811 -0.050770 0.054742 0.056471 -0.138618 0.205617 -0.056470 -0.018758 -0.175061 0.071370 0.157532 0.087457 
73.207184 6.623730 1.056725 -0.554942 -0.223205 0.958484 -0.923864 -0.373378 0.103896 0.171085 0.091836 0.056011 -0.381890 0.332727 0.121567 0.740506 0.656189 -0.078777 0.847448 -0.321231 0.061630 0.450765 0.121642 -0.492438 -0.240202 -0.441873 0.532497 0.488048 -0.294230 0.697834 0.300489 0.099662 -0.775611 -0.586589 -0.200996 -0.884640 -0.924563 -0.500065 -0.715349 -0.479904 0.404563 -0.055184 0.352054 -0.072441 -0.566039 0.487269 0.157527 0.164399 0.093238 0.347343 0.085560 0.478509 -0.067884 0.075422 0.104192 0.241151 0.304759 0.110436 0.089730 -0.373458 -0.324720 -0.045984 -0.176657 
72.027512 6.789726 1.668880 -0.214634 -0.513360 0.844936 -0.396368 -0.797398 -0.005609 0.665421 0.109873 0.417329 -0.345917 0.473033 0.212972 0.300362 0.760273 0.077298 0.683703 -0.710836 -0.066625 0.199454 0.406031 -0.608226 0.451616 0.053171 0.188420 -0.103629 -0.652056 0.301207 -0.200726 0.218679 -0.065203 -0.334676 -0.313726 -0.590578 -0.774976 -0.286417 -0.478788 -0.124737 0.218092 -0.168455 0.430942 0.196904 0.017949 0.344984 -0.163239 -0.022060 -0.057732 0.141628 0.203448 0.537858 0.073606 0.043467 0.156109 0.319244 0.245374 -0.394135 0.086667 -0.384277 -0.540945 -0.117530 -0.303111 
71.287376 5.891258 1.575425 0.072884 -0.013338 0.880737 -0.935160 -0.898354 0.370591 -0.100178 -0.139352 0.270802 0.332655 1.056528 0.554340 0.397221 0.959625 0.568529 0.425979 -0.575197 -0.187636 0.064071 0.008118 -0.267948 0.044388 -0.377543 -0.196753 0.003240 -0.726863 -0.209130 0.130531 0.701293 0.003807 -0.368085 -0.434839 -0.751568 -0.835536 -0.273903 -0.212926 -0.395445 0.163210 -0.440917 0.476703 0.433507 0.024724 0.115323 -0.126380 -0.139110 -0.175927 0.106760 0.410514 0.705494 0.182615 0.426505 0.094192 -0.034994 0.390649 -0.276755 0.070139 -0.197034 -0.252894 -0.022827 -0.297240 
71.353439 6.089535 1.451145 0.067465 0.182756 1.196373 -0.618911 -0.947364 0.227022 0.262509 0.629647 0.700799 0.214079 1.087677 0.578230 0.831201 0.698782 0.073254 0.646156 -0.454377 -0.251069 0.163994 -0.406856 -1.295398 -0.620736 -0.297797 0.231334 0.308361 -0.409785 0.396664 -0.189833 0.138033 -0.440508 -0.472338 -0.561365 -0.323557 -0.265689 0.177787 0.115015 -0.178100 0.359702 0.007776 0.291307 0.183023 -0.218878 0.110785 -0.183068 -0.159952 -0.251773 -0.122166 0.261058 0.311415 -0.388361 0.128917 0.152110 0.168846 0.212652 -0.519719 0.197808 0.074511 -0.064983 0.076315 0.065911 
70.372780 5.393654 1.596513 -0.312693 0.201750 1.072943 -0.544394 -0.854663 0.134960 0.003343 0.415511 0.902749 0.499176 1.681488 0.192311 0.452116 0.718899 0.695141 0.864316 0.124264 -0.030630 -0.120436 -0.046843 -0.595356 0.286646 -0.199587 -0.281144 -0.166949 -0.417243 0.810015 0.100887 0.298343 0.178961 -0.266655 -0.468019 -0.925537 -0.409568 -0.005764 -0.238878 -0.836656 0.179858 -0.072119 0.114572 0.025375 -0.023358 0.411555 0.021740 -0.024566 0.063102 0.144885 0.440035 0.495987 0.196141 0.307968 0.300868 0.311131 0.153712 -0.277533 0.130299 -0.285072 -0.630042 -0.417921 -0.348144 
71.126442 5.890794 1.511124 0.254042 0.702396 1.458786 -0.554548 -1.378509 -0.444582 -0.166734 0.909299 1.074118 0.584152 0.903242 0.189888 0.563010 0.131298 0.108953 0.502861 0.008275 -0.258408 -0.165363 -0.547309 -0.910110 -0.057945 -0.397856 0.458656 0.300033 -0.277121 0.313499 -0.154652 0.300165 -0.373047 -0.212543 0.263394 -0.647725 -0.716519 -0.056941 -0.347103 -0.059500 0.397869 -0.139608 0.645033 0.347022 0.222760 0.119889 -0.281940 -0.203326 -0.253331 -0.191383 0.073325 0.400012 -0.297582 0.360459 0.311148 0.268760 0.410594 -0.347892 0.142533 -0.256458 -0.140374 0.025914 -0.214121 
70.421005 5.337874 1.829623 0.010321 0.311538 1.210445 -0.771736 -0.639746 0.172127 0.341958 1.057751 1.661119 1.189050 1.457125 0.053477 0.204263 0.293820 -0.366563 0.729408 -0.168060 -0.291225 0.066522 -0.153527 -1.223148 -0.024120 -0.088200 0.204404 0.363272 -0.530311 0.317066 -0.343280 -0.145427 -0.667958 -0.064178 0.429787 -0.523079 -0.638232 -0.520422 -0.282020 0.215567 0.622335 0.074304 0.172068 0.050756 -0.248088 -0.268338 -0.376441 -0.179520 0.085598 -0.175015 -0.211922 0.374356 -0.005135 0.435745 0.216489 0.101359 0.269910 -0.167873 0.033963 0.036993 -0.043881 0.210759 0.085755 
70.430946 5.900205 1.454461 -0.444916 0.394835 1.518267 -0.352856 -0.247758 -0.173695 -0.072186 0.733284 0.893443 0.491094 1.074327 0.247932 0.865937 0.706798 0.133143 0.552422 -0.579117 -0.164770 -0.137239 -0.433482 -1.255681 -0.022504 -0.172230 0.247968 0.258545 0.081328 0.559017 -0.085493 0.000963 -0.133129 -0.030634 -0.060460 -0.400505 -0.334330 -0.328374 -0.478206 -0.129648 0.563593 -0.185565 0.565353 0.010329 -0.397857 0.201713 -0.102853 -0.141175 -0.330729 -0.285350 -0.002792 0.229966 -0.056264 0.598427 0.310790 0.212487 0.450895 -0.077934 0.118892 -0.254371 -0.038856 0.375457 -0.179151 
70.603607 5.539627 1.515110 -0.553218 -0.324469 1.555162 -0.402350 -0.410740 0.307934 0.617851 1.339119 1.085013 0.411257 0.948033 0.759893 0.182059 0.302335 0.187001 0.967638 -0.280858 -0.110002 0.146341 -0.061655 -0.927420 0.164780 -0.603352 -0.504527 -0.275489 -0.830045 0.156927 -0.128637 0.294758 -0.075000 0.478599 -0.030715 -0.717295 -0.417008 -0.478290 -0.330452 -0.129246 0.468603 -0.213986 0.353717 0.220967 -0.088233 0.442314 0.135740 -0.010172 -0.098012 -0.190792 0.257818 0.043610 -0.141046 0.204714 -0.013002 0.438210 0.427002 -0.420836 0.224984 -0.037053 -0.087980 -0.018698 -0.229795 
70.513336 5.593971 1.388800 -0.647510 -0.194095 0.938219 -0.811796 -0.781778 -0.202001 0.073858 0.746273 1.153117 0.544230 0.670206 0.607611 0.963836 0.607092 -0.031883 0.954534 -0.200377 -0.341641 -0.306875 -0.205528 -0.546812 -0.215741 -0.394781 0.022042 0.262480 -0.572219 0.246658 -0.867301 -0.484355 -0.401748 -0.315283 -0.193125 -0.133093 -0.593401 -0.422823 -0.395483 -0.155261 -0.096411 -0.518436 0.492192 0.434238 -0.128331 -0.000535 -0.160178 -0.079761 0.063890 0.273432 0.123004 0.120964 -0.278614 0.202013 -0.067270 0.179307 0.265859 -0.383779 0.277898 0.012161 -0.256699 0.009946 -0.097916 
70.683838 5.785953 1.393561 -0.253185 0.091774 1.273522 -0.893196 -0.623327 0.571548 0.955996 1.140537 1.322511 0.023658 1.212276 0.160247 0.354933 0.351076 -0.058288 0.422381 -0.230059 -0.444731 0.096970 0.314851 -0.363144 -0.311872 -0.466782 -0.528044 -0.010133 -0.036196 0.310987 -0.399501 -0.189048 -0.509223 -0.074072 -0.089310 -0.191418 -0.336785 -0.597360 -0.522999 -0.386797 0.323877 -0.193271 0.367455 -0.348165 -0.289225 0.375701 0.184483 0.356278 0.066041 -0.069272 0.039837 0.338370 -0.182782 0.097906 0.030229 0.144679 0.634618 -0.057436 0.233687 -0.076710 -0.187530 -0.076298 -0.222498 
70.721588 5.189147 1.126077 -0.335827 0.636996 1.336139 -0.391347 -0.240459 0.122439 -0.028912 0.110067 0.956089 0.359602 0.847669 0.658202 1.139246 0.627829 -0.200155 0.883795 -0.002211 -0.378562 0.385755 0.254648 -0.288283 0.413217 0.133759 0.364724 0.548091 -0.526097 -0.225458 -0.245945 -0.195234 -0.600471 -0.250777 -0.253918 -1.085807 -0.626900 -0.114237 -0.373112 -0.175668 0.292400 -0.137251 0.527721 0.250178 -0.127644 0.039613 0.027854 -0.052427 -0.036694 0.116400 0.203227 0.439972 0.085420 0.250002 0.139357 0.360600 0.655996 0.347226 0.457119 -0.090724 0.176836 0.066057 -0.311310 
70.505295 5.093544 2.126278 0.328110 0.647575 1.143002 -0.406342 -0.260673 0.045049 -0.094175 1.115465 1.308004 0.300058 0.795137 0.674683 1.161560 0.576686 -0.188296 0.723735 -0.149204 -0.138066 0.060742 0.317902 -0.344833 -0.123775 -0.895285 -0.211653 0.631766 -0.440226 -0.058113 -0.195796 0.128957 -0.697054 -0.083155 -0.173192 -0.541121 -0.333719 -0.520787 -0.595924 -0.035979 0.332876 -0.093956 0.493163 0.321485 -0.318759 -0.071344 -0.372666 -0.082499 0.442584 0.126827 -0.066441 0.276031 -0.204632 0.216889 0.135586 0.122460 0.469473 -0.032015 0.187918 -0.174336 0.215763 -0.133558 -0.522745 
70.528564 5.362271 0.975560 -0.356734 0.177251 0.984684 -0.444933 -0.301664 -0.273552 0.389456 0.662472 1.324474 0.665856 0.724826 0.020740 0.396151 0.927293 -0.655892 -0.154785 -0.248966 -0.373190 0.113443 0.543533 -0.411276 -0.458075 -0.959207 0.119686 -0.015799 -0.878773 -0.112836 0.315767 0.100042 -0.046802 -0.112242 0.193411 -0.219992 -0.057431 -0.107278 -0.513461 -0.086489 0.651029 -0.133926 0.395158 -0.174909 -0.503333 -0.022631 -0.170682 -0.333562 -0.473784 0.118734 -0.083378 0.331904 -0.014321 0.179476 0.072697 0.305471 0.110383 -0.338207 0.050379 -0.287295 0.051292 0.146422 -0.384885 
70.592598 5.661631 1.518701 -0.281970 0.188023 1.596548 -0.862353 -1.105832 0.636818 0.514092 0.524861 1.018764 0.876741 0.579269 0.067529 0.874169 0.826632 0.056765 0.463301 -0.674396 -0.410355 -0.279268 0.401076 -0.755549 -0.181981 -0.144852 0.261502 0.179417 -0.487282 0.122335 -0.213233 -0.319432 -0.764800 -0.494033 -0.028566 -0.430299 -0.346373 -0.124210 0.000162 -0.297490 -0.152185 -0.104716 0.652026 0.022475 -0.434306 0.333343 0.385741 -0.181657 -0.214778 0.142088 0.342628 0.155289 0.052611 0.387594 -0.319432 0.127404 0.415652 -0.071300 0.206848 -0.155421 -0.059747 -0.072252 -0.372704 
70.816025 5.157077 1.072531 -0.448191 0.652620 1.061390 -0.892446 -0.313235 0.551096 0.460279 1.058248 1.241632 0.673547 0.686308 -0.047752 0.823146 0.879233 0.143880 0.341593 -0.906965 -0.328800 -0.146355 0.244670 -0.570430 -0.128056 -0.634330 0.148138 0.428081 -0.804601 0.145904 0.177285 0.089738 -0.967875 -0.221409 0.480836 -0.212223 -0.393163 -0.225456 -0.056124 0.173921 0.849945 -0.034550 0.197018 -0.173040 -0.424934 0.099487 -0.056040 -0.280439 -0.419160 -0.167223 0.266021 0.292968 0.048566 -0.090098 -0.177389 0.218341 0.451745 0.193995 0.368777 -0.282891 -0.235461 -0.165698 -0.197518 
70.456085 4.987029 0.915468 -0.203339 -0.295006 0.626334 -0.673041 -0.139468 0.691325 0.712643 1.300772 0.873679 0.410666 1.047828 0.573500 0.895989 0.882684 -0.025651 0.564782 -0.545576 -0.440562 0.135390 -0.006194 -0.836209 -0.290570 -0.953490 -0.150594 0.043253 -0.825371 -0.065966 -0.021557 0.084226 -0.429067 0.412674 0.208234 -0.707120 -0.634522 -0.386359 0.147612 -0.226785 0.150390 -0.389807 0.114199 0.013345 -0.387484 -0.040610 -0.081998 -0.275146 0.041785 0.310970 0.295067 0.372355 0.043591 0.233970 0.072036 0.324251 0.471411 -0.195585 0.225057 0.046099 0.092081 -0.133232 -0.232861 
71.003067 5.535102 1.171890 -0.391512 -0.288579 0.662622 -0.633963 -0.319397 0.043506 0.466720 0.599659 1.354374 0.610180 0.913791 0.532005 0.684282 0.113766 -0.314315 0.631764 0.027152 -0.184839 -0.346521 -0.407560 -1.074838 -0.091848 -0.565837 -0.040453 -0.299848 -1.243505 -0.348036 -0.155103 0.061484 -1.011873 -0.430234 0.460272 -0.430897 -0.821978 -0.256036 -0.428279 -0.582869 0.355070 -0.016331 0.184300 0.266241 -0.186298 -0.262980 -0.083840 -0.214716 -0.271367 -0.219580 0.143082 0.391868 0.082966 0.340071 0.028145 0.071234 0.214629 -0.174585 0.148048 -0.360174 -0.182799 0.188804 -0.007395 
70.665184 4.927446 1.082668 -0.404699 0.280155 1.061297 -0.310032 -0.430897 0.169319 0.784029 1.398040 1.474547 0.442811 0.956121 0.186871 0.849627 0.579482 0.105018 0.152912 -0.448598 -0.611666 -0.551676 -0.402013 -1.088136 -0.119225 -0.253052 0.252537 0.040946 -1.028021 0.244974 0.475521 0.202048 -0.804505 -0.435228 0.090594 -0.666703 -0.659873 -0.601896 -0.638599 -0.147463 0.384060 0.089310 0.756567 0.233271 -0.249293 0.268687 0.240498 -0.014296 0.258527 0.005824 -0.072251 0.050669 -0.268276 0.214716 -0.042408 0.005550 0.285088 -0.417821 -0.072638 -0.179302 0.133652 0.119708 -0.243175 
70.763397 5.171463 1.215699 -0.235844 -0.113421 0.895602 -0.265556 -0.334403 0.352320 1.026098 1.062376 1.244939 0.404811 0.496473 -0.014884 0.786277 1.166165 0.059260 0.642021 -0.342323 -0.434675 -0.210234 -0.082704 -0.932622 0.073378 -0.312823 0.296557 -0.062003 -0.875860 0.483301 0.329135 0.094848 -0.499000 0.085200 0.249249 -0.574028 -0.506096 -0.202929 -0.003609 -0.490371 0.199143 -0.356463 0.055874 0.078986 -0.399902 0.131403 0.261307 0.030771 -0.050631 0.302057 0.389793 0.343911 -0.189970 0.147312 -0.228327 0.005859 0.127174 -0.051855 0.274398 -0.085627 0.112571 -0.126035 -0.064281 
70.872780 5.730532 1.887942 -0.079305 0.059051 1.014327 -0.320708 -0.897131 -0.326513 -0.031175 0.691553 1.481965 0.479928 0.304033 0.660906 0.398696 0.356236 -0.322746 0.684159 -0.197521 -0.180985 0.187317 0.183351 -0.719626 -0.334253 -0.694552 -0.081262 -0.026663 -0.732544 0.194428 0.116584 0.400496 -0.300596 -0.147708 0.438158 -0.343740 -0.744063 -0.242781 -0.065747 -0.292007 0.227197 0.028250 0.330123 -0.173536 -0.356677 0.336285 0.265509 -0.276955 -0.223070 -0.050914 0.093406 0.308971 0.016971 0.130051 0.085999 0.362649 0.345838 -0.023224 -0.047495 -0.493997 -0.357527 -0.100318 -0.299960 
70.988029 5.619716 0.998120 0.373699 0.767372 0.775958 -0.350212 -0.255126 -0.130209 0.091980 0.488747 1.283214 0.085951 0.520952 0.355990 0.323449 0.839478 -0.092313 0.567570 0.126667 0.291630 0.570624 0.036595 -1.043701 -0.011024 -0.154845 0.313472 0.232831 -0.716821 -0.165379 -0.321452 0.242686 -0.144164 -0.107008 0.539866 -0.566707 -0.234967 0.193511 -0.302281 -0.473636 0.078350 -0.004789 0.290368 -0.141046 -0.353412 0.172698 -0.375125 -0.331528 0.148529 0.199973 0.203299 0.062989 -0.123796 0.418857 0.088595 0.377809 0.327725 -0.069409 0.074893 -0.140234 0.147984 -0.317524 -0.321140 
70.805466 5.290669 0.995793 -0.128848 0.891139 1.437158 -0.664565 -0.694369 -0.439384 0.271117 1.098270 1.211388 0.465922 0.779131 0.133856 0.621035 1.064472 -0.217634 0.399936 -0.198711 -0.562877 -0.312694 -0.239967 -0.728114 -0.159864 -0.677117 -0.078246 -0.171180 -0.641931 -0.073152 -0.010735 0.091187 -1.009351 -0.138270 0.280822 -0.247863 -0.361413 -0.293788 -0.243641 -0.415171 0.328870 -0.207981 0.681036 0.175647 0.067601 0.260352 -0.215610 -0.437717 -0.442081 -0.034997 -0.006565 0.381772 -0.054577 0.607732 0.010514 -0.055898 0.104405 -0.393479 0.156673 -0.253738 -0.060925 -0.046175 -0.044070 
70.991829 5.844628 0.804236 -1.191944 0.092824 0.522474 -0.720562 -0.325651 0.521696 0.361427 1.062913 0.952507 0.458269 0.996899 -0.069162 0.677982 0.785583 0.221106 0.591977 -0.270520 -0.159550 0.031941 0.087610 -0.926082 -0.436258 -0.401298 -0.025822 -0.302780 -0.979427 0.080961 0.018686 -0.005521 -0.683435 -0.492647 0.150331 -0.761932 -0.303899 0.021705 -0.409646 -0.147269 0.151300 -0.334235 0.691137 0.187728 0.032802 0.608262 -0.007184 -0.385023 -0.232453 -0.145150 -0.310850 -0.045796 -0.359379 0.178265 0.257461 0.329522 0.538572 -0.031953 0.268020 -0.028137 0.036283 0.108488 -0.328656 
70.366783 5.124184 0.992632 -0.305227 0.343595 0.984609 -1.100384 -0.776986 0.009627 0.446482 1.455623 1.427062 0.549859 0.293609 -0.071230 -0.025550 0.423323 0.184316 0.808036 -0.069533 0.218358 -0.183493 -0.085424 -0.705119 -0.356248 -0.659799 -0.022961 0.332073 -0.497850 -0.248488 -0.299092 0.024714 -0.897165 -0.458480 0.218127 -0.542069 -0.650680 -0.336426 -0.296329 -0.440433 0.006074 -0.365844 0.302949 -0.348019 -0.079323 0.503000 -0.080370 -0.307538 -0.112943 -0.162807 0.087286 0.552960 0.061938 0.565878 0.014153 0.205297 0.427284 -0.212848 0.052503 -0.156750 -0.149614 -0.127286 -0.358719 
70.177925 4.672053 0.597952 -0.080279 0.449783 1.306033 -0.698777 -0.707684 0.149035 0.838630 0.921766 0.931795 0.420245 0.200735 -0.656396 0.206787 0.172014 -0.091229 1.176207 -0.201645 -0.598921 -0.106255 0.164771 -0.769177 -0.277860 -0.151939 0.161765 -0.097622 -1.087341 -0.637191 -0.550831 0.090741 -0.459227 -0.116089 0.060291 -0.999426 -0.634974 -0.165283 -0.034010 -0.487317 0.499921 0.088927 0.597960 0.286502 -0.247543 0.391762 -0.139810 -0.340869 -0.114859 -0.474912 -0.307040 0.020979 -0.163297 0.369586 0.015704 0.076649 -0.017787 -0.153727 0.197752 -0.270295 0.105142 0.166429 -0.281517 
70.885910 5.510165 0.934561 -0.396368 0.042103 1.366510 -0.213364 -0.302123 -0.051320 0.327094 0.431525 0.773636 0.721933 0.720343 0.384394 0.942608 0.821587 -0.383881 0.821508 0.117452 -0.107883 -0.079011 0.033234 -0.644055 0.150970 -0.281822 0.301575 0.497719 -0.575341 -0.004559 -0.162614 0.047757 -0.497635 -0.512484 -0.036848 -0.692211 -0.532597 -0.114158 -0.123891 -0.001103 0.517636 0.003973 0.766736 0.091056 0.061435 0.346030 -0.130124 -0.221047 0.242570 0.286563 0.103045 0.248146 -0.090429 0.167263 -0.191000 0.131625 0.615940 0.145058 0.060807 -0.182454 -0.257192 -0.086032 -0.111178 
70.354889 5.201807 0.919615 0.026037 0.312415 0.700101 -0.302059 -0.174100 0.189423 0.204647 0.443914 1.051039 0.349934 1.101447 0.236070 0.795066 0.561622 -0.260970 0.523941 -0.142515 -0.319805 0.139915 -0.104102 -0.624893 0.164172 -0.358927 -0.044191 0.312472 -0.440536 -0.178176 -0.354979 0.332736 -0.385764 -0.473482 0.028998 -0.330015 -0.443347 -0.365737 -0.226440 -0.905949 -0.305741 -0.204302 0.417792 -0.257401 -0.278627 0.189100 0.255129 0.086749 0.279239 0.497099 0.348090 0.195376 -0.055839 0.346382 0.046225 0.163930 0.387595 0.066056 -0.027636 -0.239976 -0.027717 -0.225494 -0.415641 
70.391998 5.488115 1.636388 0.118711 0.396601 1.087500 -0.962609 -1.110539 -0.402766 0.153377 0.523229 0.830614 -0.018940 0.695376 0.172076 0.637766 0.365624 -0.339102 0.495013 0.115220 -0.129293 -0.230780 0.111591 -0.809707 -0.027693 -0.307431 0.014289 -0.281526 -0.923586 -0.048502 -0.005818 0.119329 -0.605231 -0.383895 0.025487 -0.696792 -0.610005 -0.390507 -0.135565 -0.234279 0.147993 -0.261463 0.170852 -0.092728 -0.525741 0.088846 -0.275282 -0.152817 -0.075489 0.281465 0.183425 0.264050 -0.006125 0.531648 0.009791 -0.223783 -0.052332 0.133013 0.389660 -0.075136 -0.257884 -0.284674 -0.252557 
70.907982 5.493783 1.044411 0.428933 0.528220 0.936928 -0.644578 -0.304338 0.192286 0.281456 0.787280 0.670863 0.586572 0.139342 0.126503 0.506663 0.372739 -0.474119 0.324000 -0.357817 -0.290272 -0.022624 -0.243184 -0.581605 0.313589 0.100487 0.310154 0.322602 -0.629053 -0.282551 -0.454794 -0.032564 -0.866306 -0.220511 -0.137966 -0.795664 -0.416612 0.177990 0.140160 0.026922 0.587300 -0.582752 -0.210426 -0.234009 -0.240336 0.433644 -0.185204 -0.211446 -0.030444 0.083195 0.302324 0.035713 -0.204908 0.434604 0.209404 0.272586 0.187176 -0.042361 -0.018233 -0.397500 -0.031369 -0.068033 -0.258395 
70.479431 5.244088 1.122679 0.128005 0.715512 0.841457 -0.731448 -0.066780 0.169695 0.389368 0.912541 0.891900 0.573628 0.750788 0.347956 1.473944 1.294478 0.461642 0.556096 -0.558753 -0.597169 0.154121 -0.017533 -0.976391 -0.808972 -1.041827 -0.173211 0.568691 -0.782098 0.011895 0.038902 0.218593 -0.243554 -0.500523 -0.223713 -0.742877 -0.525413 0.131271 -0.425295 -0.070842 0.680775 -0.113257 -0.022569 -0.669460 -0.620119 -0.094000 0.193099 0.067654 0.019397 0.163591 0.174585 0.154516 -0.099510 0.206665 0.212203 0.165156 0.352100 0.081837 0.501172 -0.138181 0.086155 0.034132 -0.224067 
70.942894 5.483970 1.347749 0.327699 0.449508 0.321943 -1.126778 -0.845858 0.229307 0.127409 0.741715 0.902674 0.359826 0.715330 0.473885 1.012270 1.087143 0.592688 1.025942 -0.178685 -0.624482 -0.416961 0.081960 -0.479895 0.297800 0.049598 -0.137660 0.033706 -0.701122 -0.078848 0.184942 0.239057 -0.366577 0.077501 0.212480 -0.590702 -0.453628 -0.115606 -0.643342 -0.508453 0.512718 0.242447 0.467039 -0.272666 -0.289694 0.247417 -0.163725 -0.221771 -0.152925 -0.107577 0.028809 0.313204 -0.038791 0.791541 0.470171 0.042999 0.503184 -0.049229 -0.002575 -0.111525 0.183926 -0.030149 -0.035063 
70.461014 5.597586 1.228807 0.131329 0.351322 0.775923 -1.091514 -0.792758 0.466379 0.658626 0.751724 1.382173 0.587769 0.814500 0.100173 0.159127 0.664474 -0.155380 1.262742 0.118622 -0.047930 -0.091838 -0.041385 -0.775462 -0.235835 -0.511072 0.087027 0.234900 -0.890096 -0.108253 -0.282039 0.212637 -0.577930 0.100075 0.243329 -0.368381 -0.095491 0.422625 -0.044860 -0.184736 0.440658 -0.273170 0.020150 -0.117003 -0.221950 0.026710 -0.167194 -0.148901 0.283915 0.172538 -0.144041 0.322784 0.061740 0.372124 0.197931 0.154164 -0.057699 -0.432547 0.140522 -0.067879 0.135117 0.133140 -0.108964 
70.023262 4.656209 0.636106 -0.288075 0.056355 0.788580 -0.605004 -0.217604 0.531610 0.868658 1.239516 1.119604 0.518612 0.994901 0.288521 1.030700 0.466998 -0.024163 0.633515 -0.101973 -0.418665 -0.344981 -0.167944 -0.734467 0.002472 -0.570300 -0.152824 -0.295429 -1.077950 0.022429 -0.168967 -0.045360 -0.811391 -0.092210 0.602127 -0.092966 -0.197857 0.124352 0.115729 -0.279458 0.307375 -0.172820 0.581293 -0.163284 -0.396839 -0.263457 0.090400 0.112782 0.310918 0.281650 0.077298 0.020812 -0.061414 0.144972 -0.016372 0.103342 0.461167 -0.162760 0.143444 -0.269460 -0.276367 -0.099743 -0.453128 
70.111763 4.686150 0.865816 -0.174028 0.111684 0.760263 -0.366995 0.062400 0.618245 0.859227 1.243830 1.374194 0.498748 0.366021 -0.214539 0.388801 0.504128 -0.247184 0.044513 -0.249816 -0.420959 -0.209021 0.071000 -0.409836 -0.184980 -0.346515 0.181569 0.377049 -0.670451 -0.139832 -0.106149 0.195659 -0.509222 0.103192 0.377948 -0.476406 -0.442122 -0.195606 -0.326748 -0.136823 0.427383 0.144469 0.358653 -0.200750 -0.445716 0.188642 0.310138 -0.075732 0.020845 -0.161854 -0.046478 -0.002407 -0.277370 0.640598 0.097912 0.155143 0.175274 -0.202823 0.011443 -0.123478 0.150716 -0.020257 -0.051426 
70.344017 4.791818 0.992173 -0.718713 0.241061 1.567161 0.113664 -0.400377 -0.147616 0.277606 0.793602 0.771856 0.878750 1.259833 0.499781 0.332971 0.200525 -0.675625 0.528375 0.564072 -0.122692 0.204396 0.082295 -1.348330 -0.601904 -0.769609 -0.180480 0.078434 -0.541049 -0.010883 -0.337729 0.352074 -0.336209 0.405717 0.553882 -0.392397 -0.106086 -0.034097 -0.556391 -0.652679 -0.033029 -0.249660 0.179480 0.260633 -0.359822 -0.019859 -0.015767 -0.364154 -0.342843 0.323432 0.364052 0.255179 -0.089134 0.211220 0.029269 0.140085 0.239675 -0.066246 0.225885 -0.020912 0.198263 0.275548 -0.215994 
70.294334 5.338664 1.107300 -0.195514 0.542022 0.830555 -0.418766 0.246230 0.819839 0.618420 0.862854 1.149326 0.145558 1.082603 0.113652 0.351126 0.300054 -0.243187 0.321398 -0.073492 -0.302760 -0.072042 -0.181624 -1.090245 -0.177562 -0.623051 -0.132753 0.234687 -0.493645 0.304674 -0.063191 0.105437 -0.619603 -0.329956 0.178533 -0.414209 -0.284337 -0.508845 -0.725878 -0.564241 -0.005261 0.076612 0.303207 -0.292842 -0.234194 0.254516 0.264080 -0.081136 0.262273 0.332984 -0.190673 0.045205 -0.490769 -0.196554 -0.146613 0.375114 0.508741 0.061684 0.195499 -0.119996 0.256187 0.177420 -0.361482 
70.415642 5.514497 1.706245 -0.224561 -0.019903 0.215712 -0.564351 -0.422341 0.244969 0.243728 0.992234 1.160853 0.386036 0.337459 -0.114774 0.748569 0.646965 -0.448752 -0.028079 -0.674376 -0.159777 -0.368187 -0.450621 -1.091675 -0.433846 -0.138947 0.587092 0.316201 -0.421320 0.255455 -0.130561 -0.133278 -0.443709 0.041586 -0.176030 -0.414253 -0.300101 -0.066718 -0.124942 -0.401659 0.248580 -0.387090 -0.004719 -0.317879 -0.409640 0.338180 0.009986 -0.162300 -0.071017 0.363007 0.061943 0.146712 0.072392 0.009676 -0.074326 0.200134 0.392839 -0.090290 0.201606 -0.595458 -0.233744 0.061406 -0.414082 
70.412186 5.095959 1.033664 0.155596 0.031062 0.133383 -0.567317 -0.345232 0.449440 0.577704 0.762940 0.776434 0.690108 0.791971 0.028588 0.680001 0.968984 0.280437 0.520217 -0.097334 -0.265019 0.073173 0.405116 -0.825656 -0.280841 -0.671969 0.227490 0.409818 -0.740163 -0.052744 0.029627 -0.156953 -0.692688 -0.098362 -0.394897 -0.554202 -0.540532 -0.109242 -0.140492 -0.094769 0.592802 -0.155296 0.171899 -0.053195 -0.255804 0.393049 0.309024 -0.172839 -0.101271 0.190834 0.059032 0.303978 -0.133922 0.322579 0.220848 0.193037 0.271716 -0.080355 0.230591 -0.473786 0.050875 0.173329 -0.171985 
70.652832 5.273956 1.326465 -0.047720 0.018971 0.405949 -1.094271 -0.392852 -0.096919 0.204375 0.477299 0.721357 0.757872 0.762784 -0.096356 0.751169 0.624686 -0.412854 0.401877 -0.238790 -0.383040 -0.147525 -0.164631 -0.568323 -0.108743 -0.316915 0.292769 0.465759 -0.920785 0.176956 0.062473 -0.099092 -0.648277 -0.032845 0.064866 -0.271318 -0.200465 -0.136052 -0.369366 -0.580482 0.039409 -0.516169 0.324826 0.002697 -0.211639 -0.032274 0.006093 0.090087 0.082401 0.375053 0.329840 -0.043501 -0.398307 0.300883 0.047611 0.274483 0.284330 0.088546 0.059495 -0.085712 0.257293 0.186694 -0.263814 
70.404381 5.082377 1.687424 0.254168 0.395496 1.283210 -0.516698 -0.659483 -0.421938 -0.129181 0.969952 1.040393 0.142412 0.695383 1.055368 0.973625 0.363386 -0.848419 0.065254 0.160559 0.349612 0.430980 0.153032 -0.908935 -0.330959 -0.675573 0.299970 0.416974 -0.872074 -0.020421 0.026291 0.545699 -0.420595 0.100021 0.142319 -0.447601 -0.425267 -0.395015 -0.588443 -0.266397 0.432209 -0.197838 -0.003135 -0.259945 -0.496189 0.077238 -0.093593 0.013607 0.380859 0.230564 -0.041428 0.192604 0.021265 0.592666 0.321484 0.101643 -0.008076 0.061728 0.116224 -0.228791 -0.110631 -0.140781 -0.352352 
70.551872 5.009955 1.213980 0.149880 0.773930 0.557393 -0.551911 -0.372416 0.056267 0.202314 0.937892 1.327452 0.764415 1.173895 0.723178 0.742405 0.535993 -0.296928 0.481439 -0.109292 -0.267987 -0.611698 -0.003175 -0.403381 0.103058 -0.603038 -0.408590 -0.202789 -0.615693 0.156135 -0.264904 0.249448 -0.046843 0.103038 0.371839 -0.301701 -0.210062 -0.050563 -0.525955 -0.423924 0.028617 -0.393255 0.129934 -0.250907 -0.234314 0.493190 -0.007143 -0.128715 0.259538 0.490396 0.333026 -0.077898 -0.360468 0.381676 0.009623 -0.089858 0.065728 -0.128619 0.202639 -0.244075 0.032675 0.043771 -0.081040 
70.575378 5.030295 1.269324 -0.051122 0.160718 0.242712 -0.491857 -0.278644 -0.146210 0.110802 0.844363 1.446153 0.742624 1.007432 0.722322 1.176171 1.322816 0.090086 0.689789 0.094757 -0.114497 -0.398395 -0.211456 -1.045812 -0.485403 -0.689490 -0.082176 0.100689 -0.522521 0.552795 0.042154 -0.314077 -1.088712 -0.382534 0.410804 -0.067958 -0.413449 -0.373572 -0.377989 -0.185796 0.312981 -0.463312 -0.055246 -0.011619 -0.172919 0.072546 -0.031858 0.151737 0.509804 0.314534 -0.072220 0.195512 0.082711 0.557964 0.311257 -0.064874 0.242732 0.121259 0.181689 -0.273221 0.039823 0.087838 -0.205132 
70.658066 5.312037 1.669508 -0.226681 0.319499 1.444742 -0.198987 -0.010769 0.322093 0.433075 1.065142 0.697317 0.395387 0.712628 0.364597 1.187031 0.870013 -0.667725 0.041325 -0.094241 -0.382315 -0.313998 0.180382 -0.691335 -0.358031 -0.579238 0.321702 0.436222 -0.509636 0.023928 -0.377654 0.143963 -0.533336 0.204050 -0.007187 -0.572889 -0.446735 -0.170762 -0.226701 -0.216275 0.201375 -0.130644 0.480736 0.180255 -0.447990 0.040546 0.137363 0.109602 -0.232489 0.127462 0.312482 0.327480 0.007885 0.238825 -0.178439 -0.071424 0.303009 -0.406607 -0.269863 -0.424196 0.039846 0.127776 -0.204897 
65.848381 3.297180 2.663788 0.960590 1.297124 1.378062 0.529830 0.295631 0.605739 0.264289 0.622562 0.885709 0.834267 1.185690 0.728553 1.003364 1.161729 0.144836 0.286710 0.495587 -0.384000 -0.380135 -0.241011 -0.930886 -0.438189 -0.664489 -0.681896 -0.537791 -0.628447 -0.101619 0.321959 -0.193763 -0.590699 0.163456 -0.343093 -0.366166 -0.180896 -0.504477 -0.351482 -0.108717 0.172571 -0.252983 0.428301 -0.083018 -0.394892 0.063236 0.138086 0.221290 0.173651 -0.066789 -0.002511 0.102313 -0.112185 -0.185434 -0.018427 0.151494 -0.039787 0.090094 0.180850 -0.168630 0.009140 0.069477 -0.318670 
64.595169 3.105620 3.230757 1.444160 2.092779 1.198849 0.372424 -0.424898 0.189687 0.480694 0.417359 0.867632 0.389481 0.174718 0.884654 0.720886 1.049443 0.256653 -0.288316 0.114383 -0.236901 0.129206 -0.402704 -0.680622 -0.367500 -0.352923 0.018199 -0.621572 -0.844272 -0.029546 0.321807 0.032798 -0.048622 -0.180197 -0.118185 -0.338460 -0.367187 0.153913 -0.042963 -0.377808 -0.269371 -0.226333 0.004424 -0.271737 -0.275516 0.195885 0.033264 0.264468 0.334399 0.014131 0.369976 0.129717 -0.242998 0.131419 -0.125618 0.214850 0.024069 0.052372 0.065229 -0.019689 0.158356 0.255123 0.132501 
64.673042 3.171904 2.609456 1.630001 1.537140 1.424223 0.685275 0.465933 0.370377 0.183392 0.187796 0.363469 0.639167 0.489832 -0.111473 0.173920 -0.252186 -0.110763 0.150263 0.414631 -0.283072 -0.444736 -0.439700 -0.334243 -0.251831 -0.202431 -0.111794 0.054288 -0.254566 -0.524572 0.165396 -0.083213 -0.210928 -0.120700 -0.250280 -0.151974 -0.438702 -0.429257 -0.275013 -0.294854 0.278061 -0.455340 -0.599664 -0.212103 -0.089469 0.052194 0.219715 0.333013 0.265125 0.032120 0.390337 0.159227 -0.221195 0.318034 0.157933 -0.086735 0.097826 0.023477 0.117544 -0.045759 -0.113696 0.312541 0.028632 
64.244858 2.756508 3.026335 1.814018 1.795267 1.510678 0.867722 0.378734 0.041227 0.836345 1.493886 0.997296 0.549685 0.463663 0.623866 0.463382 0.147772 -0.189805 0.164418 0.395424 0.517719 0.210810 -0.271261 -0.664907 -0.391477 -0.472012 -0.522494 0.168141 -0.369064 -0.374538 0.030917 0.172646 -0.341939 -0.394639 -0.211106 -0.259067 -0.041212 0.118831 -0.196086 -0.191712 0.006652 0.130385 0.456554 0.138912 0.138432 -0.008907 0.309990 -0.200157 -0.168479 0.266819 -0.095267 0.214530 0.403771 0.386977 0.113386 0.085710 0.054597 -0.206151 -0.292552 -0.094199 0.212172 0.069151 -0.231834 
64.149231 2.726725 2.573015 1.327808 2.339715 1.743350 1.599671 0.700399 0.624738 0.553107 0.698910 0.461300 0.463866 0.648061 0.121513 -0.112338 0.050226 -0.561558 0.370905 0.603784 -0.392048 -0.285022 -0.031418 -0.025280 0.181099 -0.472712 0.227399 -0.077733 -0.498915 -0.585124 -0.142101 -0.307378 0.000154 -0.284906 -0.553587 -0.209633 -0.038856 -0.151752 -0.388714 -0.503926 0.080483 0.036334 0.046574 0.639021 0.233003 0.083733 0.035967 0.076138 -0.085915 -0.057354 -0.007246 -0.164465 -0.228418 0.136894 0.305081 0.161898 -0.115583 -0.162608 0.169915 -0.033855 0.171880 -0.085271 -0.072248 
63.961605 2.980572 2.713298 1.972846 1.958548 0.978855 0.402264 0.938147 1.238945 0.844765 0.844223 0.681525 0.307014 0.422355 0.468038 0.109716 0.634573 -0.029590 0.054377 0.342817 0.044960 -0.052372 -0.087367 -0.140963 -0.281944 -0.790210 -0.260517 -0.221068 -0.151633 -0.202858 -0.002771 -0.017415 -0.484133 -0.512516 -0.122576 -0.207768 -0.317137 -0.016946 -0.216056 -0.042090 0.214996 0.141605 -0.140496 0.115873 -0.169335 0.191440 0.060045 0.180524 0.166543 0.017764 0.021246 -0.020512 -0.219954 0.144539 0.146508 0.149747 0.118883 0.139681 -0.053275 0.281340 0.148387 -0.170391 -0.039303 
64.059204 2.365883 3.001211 2.223864 1.853434 1.121849 1.631043 1.473348 1.218716 0.113614 0.313435 0.049975 0.071729 -0.014407 0.214920 -0.103100 0.489379 0.679061 -0.012218 -0.190794 -0.281247 -0.543918 -0.332136 -0.496492 -0.208953 -0.380383 0.348010 0.763786 -0.115405 -0.634387 -0.475245 -0.247743 -0.264535 -0.436323 -0.874744 -0.509375 -0.137857 0.068789 0.063729 0.109395 0.011805 -0.250106 -0.338080 0.075865 -0.026582 0.080266 0.156594 -0.113879 -0.185739 0.324885 0.064369 0.138426 0.079164 -0.023226 -0.059965 -0.040887 0.005463 0.141797 -0.246833 -0.094948 -0.071322 0.256272 0.083045 
63.773319 2.633419 3.073603 1.683650 2.136906 1.825455 1.428011 0.957614 1.171720 0.426853 0.780622 0.267657 0.051430 -0.017203 0.305775 0.246208 -0.263739 -0.008104 0.225257 0.443324 -0.426875 -0.688323 -0.183252 -0.569229 -0.197617 0.211437 0.238634 -0.071102 -0.140632 -0.396694 -0.257761 0.314296 0.165233 -0.312449 -0.298743 0.220618 -0.137617 -0.389533 -0.527939 -0.026936 0.305011 0.014491 -0.389622 -0.258233 -0.356288 -0.170697 0.158006 -0.015581 -0.004662 0.031132 0.133540 0.138668 0.005193 -0.079466 0.196180 0.184526 0.250854 -0.179257 -0.177614 -0.002103 0.272672 -0.096393 0.183918 
64.017830 2.624111 2.669688 1.481806 1.573069 1.250692 1.153729 0.365438 0.753038 1.031572 0.990737 0.407214 0.032196 -0.442437 0.212819 0.542963 0.289573 0.333561 0.045315 0.472666 -0.403995 -0.375147 0.012014 -0.151941 -0.219958 -0.080124 -0.673627 -0.477689 -0.336650 -0.779707 -0.552762 -0.273369 -0.760562 -0.351776 -0.030847 0.145752 0.133629 -0.148345 -0.106316 0.120924 0.262856 -0.172524 -0.220689 0.038412 -0.105909 0.105209 -0.027916 -0.330823 0.242420 0.095844 -0.170813 0.022405 -0.055715 0.117240 0.026081 0.411105 0.332744 -0.160315 0.153726 -0.008434 -0.078347 -0.081322 -0.069528 
64.463173 2.860544 2.760051 2.028797 1.997915 1.709573 1.693357 1.066917 0.590256 0.268493 0.733715 0.612094 0.132550 0.186980 0.421505 -0.228739 0.102067 0.036986 -0.065836 0.424971 0.198248 0.096095 0.215208 -0.208233 -0.001411 -0.251501 -0.252431 -0.520885 -0.609227 0.325553 0.365392 -0.178152 0.172755 0.334734 0.223351 -0.153232 -0.026514 -0.048592 -0.421802 0.124843 0.081104 -0.194357 -0.259627 -0.011185 -0.067854 -0.066356 0.229967 -0.137473 -0.286757 0.234117 0.062652 0.451628 0.179187 0.053760 -0.010704 0.084031 0.145118 0.030537 0.139040 -0.023915 0.327938 0.049045 0.020489 
63.649212 2.413111 3.234876 1.627222 1.672775 1.735518 1.540079 1.197321 0.707669 0.725696 0.782561 0.197501 0.512548 0.630825 0.349951 0.193408 0.617288 -0.189309 0.199702 -0.154858 0.207706 0.611463 -0.448373 -0.028227 -0.257421 -0.586599 -0.691017 -0.729891 0.075290 0.154630 -0.194256 0.329330 0.374507 -0.057294 -0.172848 -0.318658 0.011080 -0.088999 -0.268089 0.249221 0.255166 -0.132382 -0.076584 -0.198041 -0.289345 -0.006822 0.162424 0.071685 -0.036032 -0.131846 0.155577 0.100037 0.174978 0.342315 0.081669 0.377898 0.277732 0.025366 0.024888 0.010236 -0.156502 0.136523 0.109863 
64.255974 2.572715 2.546640 1.928883 1.930959 1.963337 1.565577 1.099829 0.873852 0.799830 0.758878 0.082173 0.260106 0.233001 0.170576 -0.338839 -0.192259 0.403637 0.636128 0.718587 0.158203 0.170373 0.202164 -0.407219 0.009861 -0.315584 -0.678452 -0.493553 -0.593808 -0.478310 0.089740 -0.603870 -0.399191 -0.018633 0.268045 0.168078 0.085717 0.185212 -0.435134 -0.188621 0.363315 0.129568 -0.091601 -0.223590 -0.291609 -0.032644 0.436521 -0.002411 0.212933 -0.034153 -0.160149 0.305194 -0.032801 0.188277 -0.023094 0.075152 0.252060 0.039408 0.088031 0.000496 -0.312219 -0.081755 -0.057042 
63.758869 1.921985 1.941518 2.101805 2.250076 1.768819 2.176668 1.339389 0.859594 0.373776 1.249646 0.569771 0.438930 -0.060203 -0.156308 -0.367973 -0.325256 0.186945 0.057590 -0.296232 -0.055294 0.537289 0.686633 0.320512 -0.167686 -0.345824 -0.437730 -0.247407 -0.498548 -0.422853 -0.204536 -0.343205 -0.090980 -0.127484 -0.247522 0.025279 -0.522311 -0.099226 -0.335045 -0.251278 0.558328 -0.227203 0.042423 -0.055471 0.047231 -0.016870 0.243098 0.229060 0.189342 -0.080317 -0.116978 0.022215 -0.180673 0.265513 -0.210712 0.018240 0.032071 -0.091407 -0.071743 -0.382707 0.086348 0.242956 0.169332 
64.004784 2.533732 2.757903 1.219821 1.416503 1.905956 1.642308 1.415560 0.788396 0.656824 1.402758 0.741551 0.746635 0.378145 -0.002538 -0.049153 0.367549 -0.003299 0.364951 0.532530 0.205317 -0.026865 -0.124452 -0.416350 -0.315633 -0.322952 -0.171431 -0.193777 -0.754329 -0.050240 -0.183201 -0.285789 -0.074177 -0.494573 0.050773 -0.467229 -0.125953 0.128519 -0.095834 0.070010 0.263267 0.229289 0.046881 0.051780 0.043240 -0.043756 -0.066074 0.108291 0.198106 -0.030015 -0.134210 0.052276 -0.001940 0.089729 -0.138945 -0.104080 -0.141532 -0.097289 0.074524 0.299649 0.224716 0.092103 0.092059 
64.389900 2.825735 2.656598 1.925300 2.331255 1.982669 1.587197 1.084160 0.485141 0.357295 0.534977 0.365354 -0.113332 -0.410212 -0.308461 -0.310424 0.136741 -0.166628 0.524679 0.290014 0.070121 0.235099 -0.142933 -0.125290 0.093817 0.324623 -0.175209 -0.162745 -0.248762 -0.340487 -0.598328 -0.392289 -0.272777 -0.451969 -0.374388 -0.677107 -0.157487 0.164982 -0.231801 -0.134211 -0.055018 0.256123 0.262575 0.144190 0.043264 0.061499 -0.026468 -0.285294 0.109296 -0.081051 0.090619 0.154073 0.238220 -0.178663 0.156919 -0.313768 -0.079083 0.084146 0.266915 0.128637 0.065359 -0.192740 0.123137 
63.724186 2.109854 1.943199 1.050248 2.232726 1.976156 1.196368 1.246055 1.341336 0.464286 0.929288 0.246035 0.019488 0.642829 0.707493 0.853598 0.639902 0.604686 0.540596 0.221224 0.321529 0.172998 0.014132 -0.150332 -0.064464 0.012212 0.015152 -0.151473 -0.706880 -0.811800 -0.226078 -0.208216 -0.234983 -0.308293 0.152431 -0.664586 -0.219008 -0.033538 -0.010598 0.226486 0.256658 0.120349 -0.023414 0.096978 -0.309034 -0.133957 -0.019823 -0.196880 -0.073737 -0.087997 -0.047270 0.314244 0.050530 0.382219 0.454282 0.430781 0.581326 -0.057599 0.031891 0.005813 0.080072 0.249207 -0.056394 
64.172050 2.844552 2.656545 1.916576 2.178375 2.507864 1.661693 1.369323 0.611382 0.389955 0.648864 0.288895 -0.034878 -0.043933 -0.118652 0.085096 0.080107 0.111172 0.480625 0.372798 0.533710 0.392911 0.144103 -0.041807 0.027900 0.002796 -0.295142 0.064620 -0.022717 -0.282725 -0.278198 -0.037680 -0.274424 -0.386067 -0.071705 -0.111910 0.444436 0.112427 -0.018835 0.025967 0.339986 -0.078976 -0.147994 -0.267740 -0.117123 -0.052344 0.162449 -0.077541 -0.228018 -0.032493 0.174039 0.202056 0.260167 0.156088 -0.273869 0.235694 0.452455 0.068735 -0.072661 -0.113624 -0.287294 -0.172178 -0.046417 
64.399155 2.311348 2.062698 1.768563 2.522657 1.769057 1.093019 1.178117 0.809106 0.751725 0.989533 0.451314 0.581069 0.432910 0.026735 0.558748 -0.204899 -0.011487 0.642830 0.225204 0.553770 0.048008 -0.040148 -0.253810 -0.532253 -0.232046 -0.014144 -0.151711 0.140546 -0.211118 -0.351029 0.160824 -0.560636 -0.386924 -0.254442 -0.247161 -0.314616 0.029218 -0.270057 -0.168053 0.217593 0.147229 -0.109753 0.193804 0.060922 0.380638 0.100114 0.027508 0.122835 0.050762 0.255517 0.143087 0.017657 -0.006327 0.027029 -0.026947 0.046680 -0.013144 0.104437 -0.059229 0.001813 -0.082802 -0.028893 
64.497597 2.865753 2.295939 0.939221 2.044763 1.933065 1.266211 0.866818 0.511718 0.638068 1.162857 0.719587 0.317094 0.529264 0.044772 0.065807 0.483105 0.683426 0.796297 0.109455 0.323577 0.262245 -0.095420 -0.119883 -0.184842 0.092553 -0.089042 -0.414505 0.046449 -0.438110 -0.364502 -0.303263 -0.697731 -0.310519 -0.807396 -0.117423 0.139671 -0.319328 -0.279261 -0.431776 0.088013 0.245937 0.068439 0.082009 -0.141974 0.216207 0.253390 0.314609 0.169489 0.191874 0.140899 0.395136 0.211183 0.301945 0.092632 0.085726 -0.169862 -0.045840 0.292201 -0.073428 -0.285845 0.109505 0.027868 
64.458832 3.008277 3.233757 2.004271 2.218099 1.751805 1.426620 0.940295 0.239451 0.173322 0.351810 -0.118654 0.413637 0.154342 0.029858 0.012444 -0.195872 0.229814 0.155034 -0.058603 -0.149970 0.193686 -0.171397 -0.552855 -0.398815 -0.419176 -0.329147 -0.057104 0.157789 -0.417984 -0.211844 0.324339 -0.266722 -0.743157 -0.022811 -0.072651 0.252860 -0.006584 -0.668379 0.203874 0.498627 -0.068875 -0.050518 -0.223766 -0.324484 -0.106589 -0.086539 0.043774 0.091868 0.067937 -0.134349 -0.029394 -0.022309 0.044454 0.187141 0.152090 -0.151697 0.093787 0.091074 0.055708 -0.046776 0.203822 0.079858 
64.141418 2.440604 2.849374 2.251065 2.875196 1.811536 1.153372 0.851612 0.727029 0.588291 0.556001 0.357441 0.520163 0.740409 0.296963 0.157891 -0.312563 -0.099996 -0.284712 -0.211733 -0.137936 0.097285 0.549112 0.271834 -0.520728 -0.576747 -0.460964 -0.184645 -0.321014 -0.446766 -0.214915 -0.195654 0.073905 -0.140730 -0.441937 -0.473815 0.446887 -0.065554 -0.258323 0.179148 0.222736 -0.180528 -0.539311 -0.136654 0.006675 0.149785 0.541357 0.566532 -0.040531 -0.259197 -0.199324 0.026553 -0.083703 -0.213431 -0.123784 0.016868 0.026099 0.143478 0.222951 0.011471 0.135942 0.031417 0.169589 
